0 0.8578125 0.23515625 0.0984375 0.1421875
0 0.73984375 0.20390625 0.13125 0.121875
0 0.85625 0.3796875 0.0875 0.11875
0 0.7515625 0.36171875 0.1171875 0.146875
0 0.6046875 0.146875 0.128125 0.15
0 0.4390625 0.08203125 0.209375 0.1640625
0 0.4234375 0.271875 0.221875 0.2140625
0 0.4203125 0.490625 0.21875 0.2
0 0.415625 0.69140625 0.171875 0.1828125
0 0.853125 0.51953125 0.128125 0.1421875
0 0.746875 0.52265625 0.11875 0.159375
0 0.84453125 0.66484375 0.0984375 0.128125
0 0.7390625 0.6734375 0.096875 0.1296875
0 0.6078125 0.6578125 0.159375 0.16875
0 0.59765625 0.48984375 0.16875 0.15625
0 0.825 0.80078125 0.1125 0.1296875
0 0.7125 0.8265625 0.159375 0.1640625
0 0.55625 0.8453125 0.103125 0.19375
0 0.4046875 0.890625 0.20625 0.209375
0 0.41875 0.2703125 0.2078125 0.2125
0 0.609375 0.32421875 0.1625 0.1765625