0 0.1890625 0.809375 0.103125 0.1265625
0 0.1859375 0.678125 0.109375 0.134375
0 0.2109375 0.49453125 0.146875 0.146875
0 0.2046875 0.3546875 0.140625 0.140625
0 0.215625 0.215625 0.115625 0.1375
0 0.2984375 0.8390625 0.115625 0.140625
0 0.2921875 0.6828125 0.1296875 0.1484375
0 0.34140625 0.53046875 0.11875 0.1625
0 0.32890625 0.3296875 0.128125 0.15625
0 0.31640625 0.18515625 0.090625 0.159375
0 0.43125 0.86484375 0.1625 0.178125
0 0.421875 0.671875 0.16875 0.1515625
0 0.3453125 0.534375 0.13125 0.15625
0 0.4546875 0.51328125 0.115625 0.16875
0 0.59375 0.50703125 0.2125 0.184375
0 0.5953125 0.73671875 0.2109375 0.184375
0 0.59375 0.915625 0.19375 0.165625
0 0.44609375 0.3234375 0.146875 0.1796875
0 0.615625 0.3296875 0.2015625 0.1828125
0 0.6234375 0.12421875 0.203125 0.2078125
0 0.44296875 0.15546875 0.1625 0.1703125
0 0.2203125 0.21484375 0.1125 0.1359375