0 0.184375 0.80234375 0.11875 0.1234375
0 0.1921875 0.6609375 0.11875 0.159375
0 0.18515625 0.525 0.103125 0.11875
0 0.18828125 0.409375 0.1140625 0.13125
0 0.18984375 0.2640625 0.1046875 0.159375
0 0.2828125 0.83125 0.1265625 0.1359375
0 0.29609375 0.69765625 0.1203125 0.1734375
0 0.28359375 0.55234375 0.096875 0.1296875
0 0.29765625 0.39296875 0.1125 0.171875
0 0.28515625 0.225 0.1375 0.1859375
0 0.41015625 0.8546875 0.15 0.1578125
0 0.39140625 0.6953125 0.159375 0.1609375
0 0.39375 0.5390625 0.1359375 0.1890625
0 0.396875 0.3625 0.1375 0.1640625
0 0.403125 0.1640625 0.1375 0.165625
0 0.578125 0.8921875 0.18125 0.19375
0 0.55234375 0.696875 0.1953125 0.1984375
0 0.5375 0.50546875 0.1578125 0.2046875
0 0.55234375 0.325 0.190625 0.15625
0 0.5625 0.1265625 0.240625 0.19375