0 0.1078125 0.625 0.215625 0.3078125
0 0.28359375 0.81796875 0.234375 0.328125
0 0.309375 0.5453125 0.1984375 0.23125
0 0.3 0.3109375 0.20625 0.2359375
0 0.30859375 0.10703125 0.1765625 0.2109375
0 0.56796875 0.12421875 0.165625 0.215625
0 0.546875 0.3328125 0.2078125 0.2125
0 0.55234375 0.53828125 0.225 0.23125
0 0.54453125 0.7828125 0.228125 0.2921875
0 0.79375 0.8359375 0.2609375 0.3203125
0 0.784375 0.55390625 0.2265625 0.2421875
0 0.80234375 0.33125 0.228125 0.2375
0 0.74765625 0.128125 0.18125 0.20625