0 0.21875 0.14453125 0.14609375 0.13046875
0 0.34609375 0.1375 0.13203125 0.13046875
0 0.47421875 0.14375 0.1328125 0.1421875
0 0.6171875 0.1484375 0.15 0.14921875
0 0.76328125 0.1265625 0.13984375 0.12109375
0 0.1609375 0.2703125 0.14375 0.1296875
0 0.315625 0.25859375 0.16171875 0.13046875
0 0.48515625 0.25859375 0.165625 0.13359375
0 0.64375 0.2609375 0.1546875 0.1296875
0 0.7875 0.25078125 0.16328125 0.1578125
0 0.13203125 0.41875 0.18515625 0.1703125
0 0.3125 0.38984375 0.1546875 0.1484375
0 0.4875 0.40703125 0.171875 0.16640625
0 0.659375 0.3921875 0.1703125 0.1625
0 0.840625 0.3921875 0.1796875 0.15859375
0 0.10625 0.5734375 0.21171875 0.15859375
0 0.3140625 0.55625 0.2046875 0.20859375
0 0.5109375 0.53515625 0.17109375 0.21640625
0 0.69453125 0.546875 0.1796875 0.196875
0 0.8875 0.55 0.2109375 0.1859375