0 0.9234375 0.15078125 0.06875 0.146875
0 0.925 0.309375 0.096875 0.140625
0 0.92578125 0.46328125 0.1140625 0.140625
0 0.91875 0.60859375 0.115625 0.1515625
0 0.91328125 0.7546875 0.11875 0.1359375
0 0.90703125 0.9109375 0.125 0.15
0 0.84296875 0.09453125 0.115625 0.1484375
0 0.84765625 0.253125 0.09375 0.1734375
0 0.84765625 0.40703125 0.09375 0.1265625
0 0.81953125 0.57421875 0.103125 0.18125
0 0.8265625 0.753125 0.0890625 0.15625
0 0.81796875 0.92265625 0.1109375 0.153125
0 0.75 0.06640625 0.103125 0.1328125
0 0.7453125 0.2171875 0.109375 0.16875
0 0.74296875 0.3859375 0.109375 0.184375
0 0.72421875 0.55078125 0.11875 0.153125
0 0.71875 0.72890625 0.1203125 0.184375
0 0.70703125 0.9140625 0.103125 0.1703125
0 0.63125 0.12578125 0.11875 0.175
0 0.64140625 0.31328125 0.125 0.209375
0 0.6203125 0.51484375 0.13125 0.18125
0 0.6015625 0.71953125 0.115625 0.196875
0 0.603125 0.9078125 0.134375 0.171875
0 0.51953125 0.08984375 0.14375 0.1796875
0 0.5125 0.29375 0.1140625 0.190625
0 0.49375 0.48203125 0.11875 0.184375
0 0.49921875 0.7015625 0.1203125 0.25
0 0.4765625 0.90859375 0.140625 0.18125
0 0.3734375 0.078125 0.153125 0.15625
0 0.3625 0.284375 0.178125 0.24375
0 0.36875 0.49375 0.15 0.1609375
0 0.378125 0.703125 0.159375 0.2265625
0 0.33046875 0.921875 0.184375 0.1546875
0 0.203125 0.25703125 0.1890625 0.2484375
0 0.196875 0.50546875 0.2 0.228125
0 0.1921875 0.73828125 0.1984375 0.23125
0 0.059375 0.17421875 0.1171875 0.284375
0 0.05625 0.4640625 0.1125 0.2953125