0 0.1421875 0.76484375 0.0984375 0.1421875
0 0.26015625 0.79609375 0.13125 0.1234375
0 0.14375 0.6203125 0.0875 0.11875
0 0.2484375 0.63828125 0.1171875 0.146875
0 0.3953125 0.853125 0.128125 0.15
0 0.5609375 0.91796875 0.209375 0.1640625
0 0.5765625 0.728125 0.221875 0.2140625
0 0.5796875 0.509375 0.21875 0.2
0 0.584375 0.30859375 0.171875 0.1828125
0 0.146875 0.48046875 0.128125 0.1421875
0 0.253125 0.47734375 0.11875 0.159375
0 0.15546875 0.33515625 0.0984375 0.128125
0 0.2609375 0.3265625 0.096875 0.1296875
0 0.3921875 0.3421875 0.159375 0.16875
0 0.40234375 0.51015625 0.16875 0.15625
0 0.175 0.19921875 0.1125 0.1296875
0 0.2875 0.1734375 0.159375 0.1625
0 0.44375 0.1546875 0.103125 0.19375
0 0.5953125 0.109375 0.20625 0.209375
0 0.58125 0.7296875 0.2078125 0.2125
0 0.390625 0.67578125 0.1625 0.1765625