0 0.0765625 0.84921875 0.06875 0.146875
0 0.075 0.690625 0.096875 0.140625
0 0.07421875 0.53671875 0.1140625 0.140625
0 0.08125 0.39140625 0.115625 0.1515625
0 0.08671875 0.2453125 0.11875 0.134375
0 0.09296875 0.0890625 0.125 0.15
0 0.15703125 0.90546875 0.115625 0.1484375
0 0.15234375 0.746875 0.09375 0.1734375
0 0.15234375 0.59296875 0.09375 0.1265625
0 0.18046875 0.42578125 0.103125 0.18125
0 0.1734375 0.246875 0.0890625 0.15625
0 0.18203125 0.07734375 0.1109375 0.153125
0 0.25 0.93359375 0.103125 0.1328125
0 0.2546875 0.7828125 0.109375 0.16875
0 0.25703125 0.6140625 0.109375 0.184375
0 0.27578125 0.44921875 0.11875 0.153125
0 0.28125 0.27109375 0.1203125 0.184375
0 0.29296875 0.0859375 0.103125 0.1703125
0 0.36875 0.87421875 0.11875 0.175
0 0.35859375 0.68671875 0.125 0.209375
0 0.3796875 0.48515625 0.13125 0.18125
0 0.3984375 0.28046875 0.115625 0.196875
0 0.396875 0.0921875 0.134375 0.171875
0 0.48046875 0.91015625 0.14375 0.1796875
0 0.4875 0.70625 0.1140625 0.190625
0 0.50625 0.51796875 0.11875 0.184375
0 0.50078125 0.2984375 0.1203125 0.25
0 0.5234375 0.09140625 0.140625 0.18125
0 0.6265625 0.921875 0.153125 0.15625
0 0.6375 0.715625 0.178125 0.24375
0 0.63125 0.50625 0.15 0.1609375
0 0.621875 0.296875 0.159375 0.2265625
0 0.66953125 0.078125 0.184375 0.1546875
0 0.796875 0.74296875 0.1890625 0.2484375
0 0.803125 0.49453125 0.2 0.228125
0 0.8078125 0.26171875 0.1984375 0.23125
0 0.940625 0.82578125 0.1171875 0.284375
0 0.94375 0.5359375 0.1125 0.2953125