0 0.08203125 0.72578125 0.0453125 0.071875
0 0.096875 0.64765625 0.05 0.0875
0 0.09921875 0.57578125 0.0390625 0.071875
0 0.0984375 0.50625 0.0375 0.0671875
0 0.0953125 0.43359375 0.053125 0.071875
0 0.109375 0.3546875 0.03125 0.08125
0 0.11015625 0.26640625 0.0421875 0.0875
0 0.1328125 0.74765625 0.0515625 0.0765625
0 0.1375 0.66640625 0.0453125 0.084375
0 0.13984375 0.59140625 0.034375 0.0671875
0 0.14375 0.51015625 0.046875 0.0765625
0 0.1421875 0.4296875 0.034375 0.075
0 0.1421875 0.3546875 0.034375 0.075
0 0.1453125 0.26796875 0.0296875 0.065625
0 0.18125 0.7609375 0.0484375 0.090625
0 0.18515625 0.675 0.040625 0.090625
0 0.18046875 0.58828125 0.0390625 0.084375
0 0.1921875 0.50390625 0.040625 0.0859375
0 0.18828125 0.415625 0.046875 0.078125
0 0.1859375 0.33359375 0.05 0.0875
0 0.184375 0.2453125 0.0546875 0.0875
0 0.23515625 0.78125 0.0578125 0.0953125
0 0.2359375 0.68828125 0.0484375 0.0921875
0 0.2328125 0.59453125 0.06875 0.0921875
0 0.23984375 0.49765625 0.0546875 0.096875
0 0.23359375 0.40703125 0.05625 0.0875
0 0.240625 0.3171875 0.065625 0.084375
0 0.24296875 0.22890625 0.06875 0.090625
0 0.2921875 0.77578125 0.065625 0.1078125
0 0.2875 0.678125 0.065625 0.0875
0 0.30234375 0.5921875 0.075 0.0796875
0 0.3 0.4828125 0.0625 0.0875
0 0.29765625 0.3953125 0.071875 0.075
0 0.303125 0.30390625 0.0671875 0.096875
0 0.36953125 0.8203125 0.0640625 0.115625
0 0.3640625 0.72109375 0.06875 0.08125
0 0.378125 0.615625 0.084375 0.115625
0 0.37578125 0.51015625 0.071875 0.1125
0 0.371875 0.4078125 0.084375 0.0875
0 0.37421875 0.303125 0.09375 0.1
0 0.38359375 0.1765625 0.0921875 0.146875
0 0.446875 0.84609375 0.0875 0.0984375
0 0.446875 0.7484375 0.1 0.103125
0 0.459375 0.6328125 0.0890625 0.1
0 0.45625 0.5015625 0.09375 0.109375
0 0.46171875 0.39296875 0.08125 0.1203125
0 0.471875 0.26953125 0.0859375 0.134375
0 0.48984375 0.1421875 0.1 0.1140625
0 0.56640625 0.86796875 0.11875 0.11875
0 0.5578125 0.7421875 0.10625 0.134375
0 0.5671875 0.61171875 0.1015625 0.125
0 0.55859375 0.490625 0.1 0.1125
0 0.5578125 0.37734375 0.1078125 0.1125
0 0.571875 0.2703125 0.1125 0.10625
0 0.58125 0.13203125 0.0875 0.1484375
0 0.696875 0.9140625 0.1078125 0.15625
0 0.690625 0.77109375 0.1109375 0.146875
0 0.6953125 0.628125 0.1328125 0.134375
0 0.67421875 0.49609375 0.128125 0.140625
0 0.65625 0.36328125 0.10625 0.1234375
0 0.678125 0.2328125 0.13125 0.121875
0 0.68125 0.0984375 0.1125 0.121875
0 0.8125 0.0828125 0.1421875 0.1640625
0 0.8125 0.22734375 0.1578125 0.1609375
0 0.809375 0.35859375 0.2 0.153125
0 0.8109375 0.4828125 0.1140625 0.165625
0 0.83828125 0.6390625 0.1453125 0.153125
0 0.84375 0.9203125 0.18125 0.15625