0 0.8859375 0.171875 0.1546875 0.2296875
0 0.89140625 0.37421875 0.196875 0.1859375
0 0.8703125 0.571875 0.184375 0.2171875
0 0.875 0.784375 0.184375 0.1984375
0 0.7234375 0.1546875 0.184375 0.209375
0 0.72578125 0.37578125 0.1703125 0.221875
0 0.709375 0.59921875 0.1609375 0.225
0 0.7234375 0.83046875 0.18125 0.2328125
0 0.55234375 0.11953125 0.19375 0.234375
0 0.56953125 0.36171875 0.1625 0.225
0 0.553125 0.60625 0.190625 0.225
0 0.559375 0.8546875 0.1828125 0.24375
0 0.36171875 0.1140625 0.2109375 0.215625
0 0.375 0.33828125 0.24375 0.2421875
0 0.3703125 0.60234375 0.2046875 0.2609375
0 0.37734375 0.8671875 0.2 0.2625
0 0.1296875 0.11875 0.246875 0.23125
0 0.13359375 0.3421875 0.265625 0.2578125
0 0.15859375 0.603125 0.25 0.265625
0 0.15859375 0.86171875 0.26875 0.275