0 0.8328125 0.11171875 0.1046875 0.1875
0 0.81328125 0.29296875 0.121875 0.171875
0 0.83515625 0.47421875 0.1515625 0.2015625
0 0.815625 0.6765625 0.1515625 0.19375
0 0.809375 0.86875 0.1 0.1828125
0 0.70625 0.1046875 0.1359375 0.18125
0 0.69453125 0.28671875 0.11875 0.18125
0 0.7125 0.4734375 0.146875 0.190625
0 0.696875 0.6796875 0.121875 0.190625
0 0.6859375 0.8859375 0.146875 0.2265625
0 0.56796875 0.0921875 0.1359375 0.178125
0 0.5515625 0.27265625 0.165625 0.1765625
0 0.575 0.484375 0.146875 0.18125
0 0.55546875 0.6890625 0.1796875 0.203125
0 0.575 0.89453125 0.165625 0.209375
0 0.41953125 0.08125 0.1609375 0.153125
0 0.3828125 0.2625 0.1859375 0.21875
0 0.4171875 0.4484375 0.171875 0.18125
0 0.42578125 0.64609375 0.1578125 0.2109375
0 0.41875 0.8484375 0.190625 0.19375
0 0.27265625 0.1046875 0.159375 0.190625
0 0.2125 0.2859375 0.18125 0.190625
0 0.23828125 0.4734375 0.209375 0.184375
0 0.24375 0.6484375 0.2296875 0.1890625
0 0.2453125 0.8671875 0.23125 0.221875