0 0.15078125 0.0765625 0.14609375 0.06796875
0 0.309375 0.075 0.140625 0.096875
0 0.46328125 0.07421875 0.140625 0.1140625
0 0.60859375 0.08125 0.1515625 0.11640625
0 0.7546875 0.08671875 0.13515625 0.11796875
0 0.9109375 0.09296875 0.15 0.12421875
0 0.09453125 0.15703125 0.1484375 0.11640625
0 0.253125 0.15234375 0.1734375 0.09375
0 0.40703125 0.15234375 0.1265625 0.09375
0 0.57421875 0.18046875 0.18125 0.10234375
0 0.753125 0.1734375 0.15546875 0.0890625
0 0.92265625 0.18203125 0.153125 0.1109375
0 0.06640625 0.25 0.1328125 0.103125
0 0.2171875 0.2546875 0.16796875 0.11015625
0 0.3859375 0.25703125 0.18359375 0.11015625
0 0.55078125 0.27578125 0.15390625 0.11796875
0 0.72890625 0.28125 0.18359375 0.1203125
0 0.9140625 0.29296875 0.1703125 0.10234375
0 0.12578125 0.36875 0.17578125 0.11796875
0 0.31328125 0.35859375 0.21015625 0.12421875
0 0.51484375 0.3796875 0.18125 0.13203125
0 0.71953125 0.3984375 0.196875 0.115625
0 0.9078125 0.396875 0.17109375 0.13515625
0 0.08984375 0.48046875 0.1796875 0.14296875
0 0.29375 0.4875 0.190625 0.1140625
0 0.48203125 0.50625 0.18359375 0.11796875
0 0.7015625 0.50078125 0.25078125 0.1203125
0 0.90859375 0.5234375 0.18046875 0.140625
0 0.078125 0.6265625 0.15625 0.153125
0 0.284375 0.6375 0.24375 0.178125
0 0.49375 0.63125 0.1609375 0.15078125
0 0.703125 0.621875 0.2265625 0.15859375
0 0.921875 0.66953125 0.1546875 0.184375
0 0.25703125 0.796875 0.2484375 0.1890625
0 0.50546875 0.803125 0.22890625 0.20078125
0 0.73828125 0.8078125 0.23046875 0.1984375
0 0.17421875 0.940625 0.28359375 0.1171875
0 0.4640625 0.94375 0.29609375 0.11171875