0 0.81484375 0.3203125 0.0953125 0.14375
0 0.8 0.45234375 0.1125 0.125
0 0.79375 0.58515625 0.1140625 0.1046875
0 0.815625 0.70546875 0.109375 0.1140625
0 0.73359375 0.2015625 0.134375 0.14375
0 0.6921875 0.3484375 0.1453125 0.1453125
0 0.68984375 0.48984375 0.103125 0.11875
0 0.66796875 0.634375 0.10625 0.140625
0 0.7046875 0.76328125 0.109375 0.1875
0 0.6046875 0.15234375 0.140625 0.15625
0 0.5609375 0.3203125 0.1390625 0.190625
0 0.56796875 0.4921875 0.15625 0.1609375
0 0.5609375 0.66015625 0.1328125 0.165625
0 0.55625 0.82890625 0.1328125 0.165625
0 0.4765625 0.17109375 0.125 0.175
0 0.4375 0.3828125 0.1484375 0.159375
0 0.44296875 0.615625 0.1484375 0.178125
0 0.41875 0.79765625 0.18125 0.19375
0 0.27265625 0.74765625 0.125 0.190625
0 0.32890625 0.5609375 0.1625 0.190625
0 0.29921875 0.365625 0.1859375 0.196875
0 0.3265625 0.16484375 0.1859375 0.178125