0 0.303125 0.1671875 0.35703125 0.26015625
0 0.5859375 0.1578125 0.21171875 0.24375
0 0.834375 0.2234375 0.2546875 0.18203125
0 0.2609375 0.38515625 0.3046875 0.1953125
0 0.56796875 0.3703125 0.2875 0.1828125
0 0.8578125 0.3953125 0.28359375 0.17265625
0 0.296875 0.57890625 0.3625 0.1953125
0 0.60625 0.5375 0.29921875 0.1828125
0 0.88203125 0.553125 0.23515625 0.1453125
0 0.27421875 0.7546875 0.35390625 0.20234375
0 0.6015625 0.73359375 0.25 0.21328125
0 0.87265625 0.70859375 0.25234375 0.20703125