0 0.815625 0.19765625 0.11875 0.1234375
0 0.8078125 0.3390625 0.11875 0.159375
0 0.81484375 0.475 0.103125 0.11875
0 0.81171875 0.590625 0.1140625 0.13125
0 0.81015625 0.7359375 0.1046875 0.159375
0 0.7171875 0.16875 0.1265625 0.1359375
0 0.70390625 0.30234375 0.1203125 0.1734375
0 0.71640625 0.44765625 0.096875 0.1296875
0 0.70234375 0.60703125 0.1125 0.171875
0 0.71484375 0.775 0.1375 0.1859375
0 0.58984375 0.1453125 0.15 0.1578125
0 0.60859375 0.3046875 0.159375 0.1609375
0 0.60625 0.4609375 0.1359375 0.1890625
0 0.603125 0.6375 0.1375 0.1640625
0 0.596875 0.8359375 0.1375 0.165625
0 0.421875 0.1078125 0.18125 0.19375
0 0.44765625 0.303125 0.1953125 0.1984375
0 0.4625 0.49453125 0.1578125 0.2046875
0 0.44765625 0.675 0.190625 0.15625
0 0.4375 0.8734375 0.240625 0.19375