0 0.38203125 0.11953125 0.134375 0.121875
0 0.371875 0.24453125 0.146875 0.1078125
0 0.45078125 0.4046875 0.1 0.13125
0 0.4609375 0.54140625 0.121875 0.1265625
0 0.390625 0.83125 0.115625 0.1203125
0 0.21796875 0.9171875 0.2390625 0.15625
0 0.21875 0.771875 0.228125 0.1828125
0 0.2109375 0.6171875 0.2125 0.140625
0 0.21171875 0.47890625 0.175 0.1421875
0 0.2390625 0.334375 0.209375 0.121875
0 0.215625 0.1796875 0.225 0.1390625
0 0.23203125 0.06171875 0.178125 0.1234375
0 0.35859375 0.475 0.1046875 0.1125
0 0.359375 0.59375 0.1078125 0.1109375
0 0.37890625 0.7078125 0.115625 0.128125