0 0.171875 0.1140625 0.2296875 0.1546875
0 0.37421875 0.10859375 0.1859375 0.196875
0 0.571875 0.1296875 0.2171875 0.184375
0 0.784375 0.125 0.1984375 0.184375
0 0.1546875 0.2765625 0.209375 0.184375
0 0.37578125 0.27421875 0.221875 0.1703125
0 0.59921875 0.290625 0.225 0.1609375
0 0.83046875 0.2765625 0.2328125 0.18125
0 0.11953125 0.44765625 0.234375 0.19375
0 0.36171875 0.43046875 0.225 0.1625
0 0.60625 0.446875 0.225 0.190625
0 0.8546875 0.440625 0.24375 0.1828125
0 0.1140625 0.63828125 0.215625 0.2109375
0 0.33828125 0.625 0.2421875 0.24375
0 0.60234375 0.6296875 0.2609375 0.2046875
0 0.8671875 0.62265625 0.2625 0.2
0 0.11875 0.8703125 0.23125 0.246875
0 0.3421875 0.86640625 0.2578125 0.265625
0 0.603125 0.84140625 0.265625 0.25
0 0.86171875 0.84140625 0.275 0.26875