0 0.85234375 0.35078125 0.0921875 0.1015625
0 0.8625 0.4640625 0.0859375 0.1109375
0 0.853125 0.55 0.0828125 0.0734375
0 0.853125 0.625 0.084375 0.084375
0 0.8765625 0.68515625 0.0609375 0.0859375
0 0.8859375 0.75625 0.08125 0.0828125
0 0.8546875 0.83984375 0.0671875 0.0921875
0 0.7671875 0.1671875 0.0765625 0.125
0 0.75859375 0.2765625 0.075 0.0859375
0 0.759375 0.34609375 0.078125 0.0671875
0 0.76015625 0.41875 0.0984375 0.075
0 0.7515625 0.4984375 0.1 0.0796875
0 0.75234375 0.565625 0.0890625 0.065625
0 0.7625 0.62734375 0.0875 0.0765625
0 0.74609375 0.69765625 0.0796875 0.071875
0 0.753125 0.778125 0.0890625 0.09375
0 0.7703125 0.87734375 0.090625 0.0828125
0 0.64765625 0.10859375 0.0953125 0.1328125
0 0.66640625 0.21171875 0.109375 0.090625
0 0.66796875 0.29765625 0.10625 0.0765625
0 0.66796875 0.384375 0.10625 0.078125
0 0.659375 0.465625 0.0921875 0.0671875
0 0.65 0.5390625 0.1015625 0.08125
0 0.65859375 0.63828125 0.0984375 0.0984375
0 0.6578125 0.728125 0.09375 0.0671875
0 0.6578125 0.80625 0.10625 0.078125
0 0.6484375 0.89375 0.1109375 0.090625
0 0.54609375 0.09609375 0.096875 0.0765625
0 0.5453125 0.17890625 0.1015625 0.0859375
0 0.54453125 0.26875 0.1015625 0.0875
0 0.54453125 0.359375 0.1140625 0.0796875
0 0.5484375 0.45625 0.1 0.06875
0 0.55078125 0.53828125 0.096875 0.08125
0 0.54609375 0.6234375 0.1125 0.0828125
0 0.54296875 0.71171875 0.1125 0.0953125
0 0.534375 0.7984375 0.0984375 0.096875
0 0.5328125 0.88984375 0.10625 0.084375
0 0.42265625 0.0859375 0.1203125 0.071875
0 0.4140625 0.1625 0.1125 0.090625
0 0.4234375 0.24921875 0.121875 0.096875
0 0.428125 0.33828125 0.1234375 0.0875
0 0.4203125 0.434375 0.1171875 0.1078125
0 0.4140625 0.52890625 0.125 0.0828125
0 0.40625 0.62578125 0.11875 0.11875
0 0.4078125 0.728125 0.1234375 0.0859375
0 0.409375 0.815625 0.1234375 0.0859375
0 0.4078125 0.90234375 0.1109375 0.08125
0 0.284375 0.06953125 0.121875 0.090625
0 0.28046875 0.1578125 0.14375 0.096875
0 0.2796875 0.2578125 0.128125 0.084375
0 0.27421875 0.34375 0.146875 0.0875
0 0.26640625 0.43046875 0.1375 0.1015625
0 0.26015625 0.528125 0.125 0.096875
0 0.27109375 0.62578125 0.1296875 0.1015625
0 0.25703125 0.73046875 0.128125 0.090625
0 0.26015625 0.821875 0.1328125 0.0828125
0 0.25625 0.92578125 0.1296875 0.1046875