0 0.14453125 0.78125 0.13125 0.146875
0 0.1375 0.65390625 0.13125 0.1328125
0 0.14375 0.52578125 0.1421875 0.1328125
0 0.1484375 0.3828125 0.15 0.15
0 0.1265625 0.23671875 0.121875 0.140625
0 0.2703125 0.8390625 0.1296875 0.14375
0 0.25859375 0.684375 0.13125 0.1625
0 0.25859375 0.51484375 0.134375 0.165625
0 0.2609375 0.35625 0.1296875 0.1546875
0 0.25078125 0.2125 0.1578125 0.1625
0 0.41875 0.86796875 0.1703125 0.184375
0 0.38984375 0.6875 0.1484375 0.1546875
0 0.40703125 0.5125 0.165625 0.171875
0 0.3921875 0.340625 0.1625 0.1703125
0 0.3921875 0.159375 0.159375 0.1796875
0 0.5734375 0.89375 0.159375 0.2125
0 0.55625 0.6859375 0.209375 0.2046875
0 0.53515625 0.4890625 0.215625 0.171875
0 0.546875 0.30546875 0.196875 0.1796875
0 0.55 0.1125 0.1859375 0.2109375