0 0.1546875 0.2921875 0.175 0.10859375
0 0.13203125 0.3921875 0.16015625 0.1234375
0 0.1203125 0.50625 0.1890625 0.1046875
0 0.103125 0.603125 0.1796875 0.12109375
0 0.1 0.73515625 0.18359375 0.1671875
0 0.2953125 0.7015625 0.178125 0.1796875
0 0.2953125 0.56796875 0.1890625 0.115625
0 0.30390625 0.51484375 0.1640625 0.10703125
0 0.315625 0.4125 0.165625 0.0953125
0 0.3296875 0.3125 0.1640625 0.1140625
0 0.4875 0.30703125 0.1421875 0.11875
0 0.48828125 0.4125 0.1734375 0.11171875
0 0.50390625 0.5109375 0.184375 0.0890625
0 0.49453125 0.609375 0.16796875 0.1140625
0 0.4921875 0.73203125 0.1734375 0.15546875
0 0.6734375 0.72734375 0.1734375 0.18515625
0 0.66796875 0.5859375 0.17265625 0.1109375
0 0.67421875 0.4828125 0.17265625 0.09375
0 0.6625 0.39609375 0.16171875 0.10546875
0 0.6609375 0.2984375 0.16875 0.0984375
0 0.82109375 0.29453125 0.175 0.0859375
0 0.8265625 0.39296875 0.17734375 0.10390625
0 0.840625 0.4984375 0.1609375 0.1109375
0 0.8484375 0.5984375 0.215625 0.1328125
0 0.84375 0.7484375 0.1828125 0.1875