0 0.3203125 0.18515625 0.14375 0.0953125
0 0.45234375 0.2 0.125 0.1125
0 0.58515625 0.20625 0.1046875 0.1140625
0 0.70546875 0.184375 0.1140625 0.109375
0 0.2015625 0.26640625 0.14375 0.134375
0 0.3484375 0.3078125 0.1453125 0.1453125
0 0.48984375 0.31015625 0.11875 0.103125
0 0.634375 0.33203125 0.140625 0.10625
0 0.76328125 0.2953125 0.1875 0.109375
0 0.15234375 0.3953125 0.15625 0.140625
0 0.3203125 0.4390625 0.190625 0.1390625
0 0.4921875 0.43203125 0.1609375 0.15625
0 0.66015625 0.4390625 0.165625 0.1328125
0 0.82890625 0.44375 0.165625 0.1328125
0 0.17109375 0.5234375 0.175 0.125
0 0.3828125 0.5625 0.159375 0.1484375
0 0.615625 0.55703125 0.178125 0.1484375
0 0.79765625 0.58125 0.19375 0.18125
0 0.74765625 0.72734375 0.190625 0.125
0 0.5609375 0.67109375 0.190625 0.1625
0 0.365625 0.70078125 0.196875 0.1859375
0 0.16484375 0.6734375 0.178125 0.1859375