0 0.1625 0.775 0.109375 0.134375
0 0.17109375 0.6359375 0.1125 0.128125
0 0.125 0.5171875 0.078125 0.13125
0 0.13203125 0.371875 0.1109375 0.13125
0 0.1328125 0.22890625 0.1 0.1546875
0 0.25234375 0.8265625 0.13125 0.1453125
0 0.24375 0.6546875 0.134375 0.1453125
0 0.23359375 0.4890625 0.1390625 0.1375
0 0.24375 0.3203125 0.11875 0.140625
0 0.22578125 0.16328125 0.109375 0.1484375
0 0.37421875 0.8515625 0.1640625 0.19375
0 0.3734375 0.6765625 0.1515625 0.15
0 0.36875 0.51484375 0.1328125 0.1609375
0 0.3578125 0.328125 0.1328125 0.1625
0 0.346875 0.15 0.140625 0.1609375
0 0.525 0.9171875 0.2 0.165625
0 0.540625 0.6921875 0.20625 0.2015625
0 0.528125 0.48984375 0.2125 0.203125
0 0.496875 0.309375 0.203125 0.18125
0 0.515625 0.11875 0.20625 0.1953125