0 0.18828125 0.18984375 0.13984375 0.121875
0 0.3171875 0.165625 0.11640625 0.1359375
0 0.440625 0.1390625 0.1140625 0.12890625
0 0.5515625 0.153125 0.1109375 0.1671875
0 0.66875 0.153125 0.1140625 0.15546875
0 0.77265625 0.1828125 0.10859375 0.17578125
0 0.2078125 0.30546875 0.13671875 0.1328125
0 0.34609375 0.2890625 0.1125 0.15703125
0 0.44921875 0.2859375 0.1078125 0.14453125
0 0.55546875 0.290625 0.12578125 0.153125
0 0.6609375 0.28515625 0.10234375 0.1640625
0 0.76796875 0.3265625 0.0984375 0.128125
0 0.0984375 0.4609375 0.1359375 0.2265625
0 0.23828125 0.45625 0.13671875 0.196875
0 0.35859375 0.4171875 0.11015625 0.17890625
0 0.46953125 0.4453125 0.1265625 0.190625
0 0.5734375 0.42265625 0.115625 0.18984375
0 0.68515625 0.4234375 0.11875 0.1671875
0 0.80546875 0.44765625 0.12421875 0.14453125
0 0.1921875 0.628125 0.14609375 0.16484375
0 0.33203125 0.61484375 0.13515625 0.1953125
0 0.4625 0.60546875 0.121875 0.209375
0 0.5828125 0.603125 0.125 0.19921875
0 0.7046875 0.59296875 0.13671875 0.20703125
0 0.834375 0.60078125 0.134375 0.18359375
0 0.21640625 0.8046875 0.16015625 0.22109375
0 0.38359375 0.79921875 0.1453125 0.22109375
0 0.53671875 0.83046875 0.15859375 0.21875
0 0.7 0.80078125 0.15859375 0.228125
0 0.84921875 0.8 0.1546875 0.23515625