0 0.21171875 0.1046875 0.0953125 0.0953125
0 0.190625 0.21484375 0.1421875 0.10859375
0 0.171875 0.353125 0.16328125 0.1375
0 0.128125 0.53359375 0.21953125 0.2078125
0 0.33828125 0.51484375 0.184375 0.23515625
0 0.3421875 0.33984375 0.1453125 0.14375
0 0.371875 0.21171875 0.165625 0.12109375
0 0.375 0.1046875 0.134375 0.12890625
0 0.5125 0.08046875 0.115625 0.115625
0 0.5453125 0.209375 0.1375 0.15625
0 0.51796875 0.353125 0.17421875 0.1453125
0 0.525 0.5015625 0.1890625 0.1953125
0 0.71953125 0.534375 0.1890625 0.1953125
0 0.903125 0.53359375 0.1921875 0.2421875
0 0.7078125 0.35234375 0.16796875 0.1875
0 0.87421875 0.35234375 0.18125 0.1390625
0 0.6921875 0.2359375 0.14140625 0.11875
0 0.8484375 0.228125 0.175 0.11875
0 0.63828125 0.11015625 0.13984375 0.1265625
0 0.7921875 0.08046875 0.1359375 0.15