0 0.21015625 0.12421875 0.2 0.2046875
0 0.4484375 0.2203125 0.1375 0.1640625
0 0.33203125 0.1796875 0.15 0.1890625
0 0.24375 0.3421875 0.175 0.14375
0 0.37265625 0.3609375 0.078125 0.165625
0 0.44453125 0.36640625 0.084375 0.14375
0 0.4625 0.50625 0.0875 0.140625
0 0.38515625 0.51328125 0.078125 0.1515625
0 0.315625 0.5171875 0.078125 0.159375
0 0.190625 0.50859375 0.21875 0.1578125
0 0.45625 0.6578125 0.115625 0.1359375
0 0.34921875 0.678125 0.10625 0.146875
0 0.20859375 0.7078125 0.190625 0.2046875
0 0.2078125 0.89375 0.253125 0.184375
0 0.36953125 0.85390625 0.115625 0.175
0 0.4578125 0.8125 0.0875 0.184375