0 0.1046875 0.78828125 0.0953125 0.0953125
0 0.21484375 0.809375 0.109375 0.1421875
0 0.353125 0.828125 0.1375 0.1625
0 0.53359375 0.871875 0.2078125 0.21875
0 0.51484375 0.66171875 0.234375 0.184375
0 0.33984375 0.6578125 0.14375 0.1453125
0 0.21171875 0.628125 0.121875 0.165625
0 0.1046875 0.625 0.128125 0.134375
0 0.08046875 0.4875 0.115625 0.115625
0 0.209375 0.4546875 0.15625 0.1375
0 0.353125 0.48203125 0.1453125 0.175
0 0.5015625 0.475 0.1953125 0.1890625
0 0.534375 0.28046875 0.1953125 0.1890625
0 0.53359375 0.096875 0.2421875 0.1921875
0 0.35234375 0.2921875 0.1875 0.16875
0 0.35234375 0.12578125 0.1390625 0.18125
0 0.2359375 0.3078125 0.11875 0.140625
0 0.228125 0.1515625 0.11875 0.175
0 0.11015625 0.36171875 0.1265625 0.140625
0 0.08046875 0.2078125 0.15 0.1359375