0 0.2375 0.83984375 0.1796875 0.203125
0 0.240625 0.62421875 0.1765625 0.2
0 0.253125 0.4140625 0.134375 0.16875
0 0.29140625 0.215625 0.19375 0.19375
0 0.38828125 0.84765625 0.13125 0.2078125
0 0.40546875 0.6140625 0.15625 0.209375
0 0.40703125 0.4015625 0.1375 0.19375
0 0.44296875 0.178125 0.1015625 0.23125
0 0.57890625 0.86015625 0.146875 0.20625
0 0.546875 0.61953125 0.128125 0.21875
0 0.584375 0.40078125 0.159375 0.190625
0 0.61171875 0.171875 0.15 0.246875
0 0.76328125 0.86015625 0.1734375 0.2359375
0 0.7546875 0.62890625 0.1875 0.2171875
0 0.79375 0.4 0.15 0.23125
0 0.8265625 0.1703125 0.1703125 0.221875