0 0.67578125 0.85 0.084375 0.1375
0 0.6046875 0.77265625 0.06875 0.1234375
0 0.55625 0.734375 0.0671875 0.09375
0 0.5078125 0.67578125 0.053125 0.090625
0 0.47421875 0.6421875 0.0375 0.084375
0 0.46796875 0.56328125 0.04375 0.08125
0 0.50703125 0.59609375 0.0453125 0.0875
0 0.559375 0.63046875 0.0578125 0.121875
0 0.61953125 0.65546875 0.0609375 0.121875
0 0.6828125 0.725 0.090625 0.1265625
0 0.6984375 0.59765625 0.1109375 0.13125
0 0.6234375 0.54765625 0.075 0.1
0 0.69609375 0.45234375 0.090625 0.146875
0 0.62421875 0.4359375 0.0734375 0.1109375
0 0.5640625 0.52421875 0.0578125 0.1
0 0.5171875 0.5078125 0.05625 0.0875
0 0.475 0.49609375 0.0453125 0.071875
0 0.47734375 0.42421875 0.0484375 0.09375
0 0.5171875 0.41328125 0.046875 0.090625
0 0.559375 0.42890625 0.05625 0.09375
0 0.68671875 0.3078125 0.1140625 0.14375
0 0.609375 0.33046875 0.05625 0.11875
0 0.55625 0.34609375 0.046875 0.0921875
0 0.51484375 0.328125 0.0453125 0.1015625
0 0.4828125 0.346875 0.0328125 0.09375
0 0.47421875 0.24609375 0.03125 0.09375
0 0.5140625 0.23828125 0.0484375 0.1
0 0.5625 0.225 0.046875 0.121875
0 0.61875 0.203125 0.0625 0.140625
0 0.69765625 0.1703125 0.109375 0.159375