0 0.11796875 0.82890625 0.234375 0.33125
0 0.35859375 0.8265625 0.23125 0.3203125
0 0.6125 0.8296875 0.2359375 0.315625
0 0.85234375 0.82421875 0.240625 0.33125
0 0.7375 0.55390625 0.190625 0.2171875
0 0.55546875 0.5609375 0.2015625 0.2109375
0 0.35546875 0.55546875 0.1984375 0.2125
0 0.14296875 0.5390625 0.21875 0.24375
0 0.18046875 0.371875 0.1671875 0.121875
0 0.35078125 0.37734375 0.1734375 0.1484375
0 0.5171875 0.378125 0.159375 0.134375
0 0.6765625 0.38046875 0.165625 0.1390625
0 0.85 0.39609375 0.1671875 0.196875
0 0.1921875 0.26328125 0.159375 0.0859375
0 0.2078125 0.17265625 0.140625 0.078125
0 0.3609375 0.18203125 0.1484375 0.090625
0 0.3546875 0.26640625 0.1453125 0.084375
0 0.49609375 0.18359375 0.1328125 0.084375
0 0.5140625 0.271875 0.15 0.1078125
0 0.79765625 0.2640625 0.1578125 0.084375
0 0.65234375 0.2734375 0.1375 0.090625
0 0.6203125 0.184375 0.125 0.090625
0 0.75625 0.18359375 0.1515625 0.1015625