0 0.82890625 0.88203125 0.33125 0.234375
0 0.8265625 0.64140625 0.3203125 0.23125
0 0.8296875 0.3875 0.315625 0.2359375
0 0.82421875 0.14765625 0.33125 0.240625
0 0.55390625 0.2625 0.2171875 0.190625
0 0.5609375 0.44453125 0.2109375 0.2015625
0 0.55546875 0.64453125 0.2125 0.1984375
0 0.5390625 0.85703125 0.24375 0.21875
0 0.371875 0.81953125 0.121875 0.1671875
0 0.37734375 0.64921875 0.1484375 0.1734375
0 0.378125 0.4828125 0.134375 0.159375
0 0.38046875 0.3234375 0.1390625 0.165625
0 0.39609375 0.15 0.196875 0.1671875
0 0.26328125 0.8078125 0.0859375 0.159375
0 0.17265625 0.7921875 0.078125 0.140625
0 0.18203125 0.6390625 0.090625 0.1484375
0 0.26640625 0.6453125 0.084375 0.1453125
0 0.18359375 0.50390625 0.084375 0.1328125
0 0.271875 0.4859375 0.1078125 0.15
0 0.2640625 0.20234375 0.084375 0.1578125
0 0.2734375 0.34765625 0.090625 0.1375
0 0.184375 0.3796875 0.090625 0.125
0 0.18359375 0.24375 0.1015625 0.1515625