0 0.35078125 0.14765625 0.1015625 0.0921875
0 0.4640625 0.1375 0.1109375 0.0859375
0 0.55 0.146875 0.0734375 0.0828125
0 0.625 0.146875 0.084375 0.084375
0 0.68515625 0.1234375 0.0859375 0.0609375
0 0.75625 0.1140625 0.0828125 0.08125
0 0.83984375 0.1453125 0.0921875 0.0671875
0 0.1671875 0.2328125 0.125 0.0765625
0 0.2765625 0.24140625 0.0859375 0.075
0 0.34609375 0.240625 0.0671875 0.078125
0 0.41875 0.23984375 0.075 0.0984375
0 0.4984375 0.2484375 0.0796875 0.1
0 0.565625 0.24765625 0.065625 0.0890625
0 0.62734375 0.2375 0.0765625 0.0875
0 0.69765625 0.25390625 0.071875 0.0796875
0 0.778125 0.246875 0.09375 0.0890625
0 0.87734375 0.2296875 0.0828125 0.090625
0 0.10859375 0.35234375 0.1328125 0.0953125
0 0.21171875 0.33359375 0.090625 0.109375
0 0.29765625 0.33203125 0.0765625 0.10625
0 0.384375 0.33203125 0.078125 0.10625
0 0.465625 0.340625 0.0671875 0.0921875
0 0.5390625 0.35 0.08125 0.1015625
0 0.63828125 0.34140625 0.0984375 0.0984375
0 0.728125 0.3421875 0.0671875 0.09375
0 0.80625 0.3421875 0.078125 0.10625
0 0.89375 0.3515625 0.090625 0.1109375
0 0.09609375 0.45390625 0.0765625 0.096875
0 0.17890625 0.4546875 0.0859375 0.1015625
0 0.26875 0.45546875 0.0875 0.1015625
0 0.359375 0.45546875 0.0796875 0.1140625
0 0.45625 0.4515625 0.06875 0.1
0 0.53828125 0.44921875 0.08125 0.096875
0 0.6234375 0.45390625 0.0828125 0.1125
0 0.71171875 0.45703125 0.0953125 0.1125
0 0.7984375 0.465625 0.096875 0.0984375
0 0.88984375 0.4671875 0.084375 0.10625
0 0.0859375 0.57734375 0.071875 0.1203125
0 0.1625 0.5859375 0.090625 0.1125
0 0.24921875 0.5765625 0.096875 0.121875
0 0.33828125 0.571875 0.0875 0.1234375
0 0.434375 0.5796875 0.1078125 0.1171875
0 0.52890625 0.5859375 0.0828125 0.125
0 0.62578125 0.59375 0.11875 0.11875
0 0.728125 0.5921875 0.0859375 0.1234375
0 0.815625 0.590625 0.0859375 0.1234375
0 0.90234375 0.5921875 0.08125 0.1109375
0 0.06953125 0.715625 0.090625 0.121875
0 0.1578125 0.71953125 0.096875 0.14375
0 0.2578125 0.7203125 0.084375 0.128125
0 0.34375 0.72578125 0.0875 0.146875
0 0.43046875 0.73359375 0.1015625 0.1375
0 0.528125 0.73984375 0.096875 0.125
0 0.62578125 0.72890625 0.1015625 0.1296875
0 0.73046875 0.74296875 0.090625 0.128125
0 0.821875 0.73984375 0.0828125 0.1328125
0 0.92578125 0.74375 0.1046875 0.1296875