0 0.19140625 0.2734375 0.15390625 0.07578125
0 0.35390625 0.29140625 0.14609375 0.08515625
0 0.4984375 0.29296875 0.13359375 0.0859375
0 0.6421875 0.3078125 0.1453125 0.1109375
0 0.7921875 0.328125 0.1546875 0.10078125
0 0.146875 0.3515625 0.1859375 0.0875
0 0.3265625 0.3484375 0.1578125 0.10078125
0 0.48515625 0.371875 0.1484375 0.0921875
0 0.65390625 0.38984375 0.16796875 0.0765625
0 0.8421875 0.421875 0.20078125 0.0796875
0 0.121875 0.440625 0.1984375 0.0890625
0 0.31328125 0.43984375 0.17734375 0.10625
0 0.49453125 0.47109375 0.19765625 0.1265625
0 0.69453125 0.47734375 0.1984375 0.11171875
0 0.90234375 0.5203125 0.19296875 0.1484375
0 0.12890625 0.56875 0.221875 0.1578125
0 0.32265625 0.56484375 0.17578125 0.1671875
0 0.51328125 0.60703125 0.21328125 0.1609375
0 0.7359375 0.61796875 0.23203125 0.17421875