0 0.18515625 0.6796875 0.0953125 0.14375
0 0.2 0.54765625 0.1125 0.125
0 0.20625 0.41484375 0.1140625 0.1046875
0 0.184375 0.29453125 0.109375 0.1140625
0 0.26640625 0.7984375 0.134375 0.1453125
0 0.3078125 0.6515625 0.1453125 0.1453125
0 0.31015625 0.51015625 0.103125 0.11875
0 0.33203125 0.365625 0.10625 0.140625
0 0.2953125 0.23671875 0.109375 0.1875
0 0.3953125 0.84765625 0.140625 0.15625
0 0.4390625 0.6796875 0.1390625 0.190625
0 0.43203125 0.5078125 0.15625 0.1609375
0 0.4390625 0.33984375 0.1328125 0.165625
0 0.44375 0.17109375 0.1328125 0.165625
0 0.5234375 0.82890625 0.125 0.175
0 0.5625 0.6171875 0.1484375 0.159375
0 0.55703125 0.384375 0.1484375 0.178125
0 0.58125 0.20234375 0.18125 0.19375
0 0.72734375 0.25234375 0.125 0.190625
0 0.67109375 0.4390625 0.1625 0.190625
0 0.70078125 0.634375 0.1859375 0.196875
0 0.6734375 0.83515625 0.1859375 0.178125