0 0.8671875 0.209375 0.2625 0.2390625
0 0.865625 0.4234375 0.25 0.178125
0 0.8875 0.58984375 0.221875 0.159375
0 0.890625 0.76171875 0.21875 0.1703125
0 0.61484375 0.1203125 0.259375 0.234375
0 0.63203125 0.353125 0.2359375 0.240625
0 0.7 0.5734375 0.2015625 0.190625
0 0.6609375 0.76953125 0.25625 0.1921875
0 0.53125 0.9234375 0.296875 0.1515625
0 0.340625 0.11015625 0.2671875 0.2203125
0 0.39921875 0.3234375 0.234375 0.20625
0 0.4546875 0.5578125 0.271875 0.20625
0 0.3890625 0.759375 0.284375 0.196875
0 0.13828125 0.2625 0.2640625 0.2375
0 0.17734375 0.5671875 0.353125 0.3625