0 0.3203125 0.18515625 0.14296875 0.0953125
0 0.45234375 0.2 0.12421875 0.11328125
0 0.58515625 0.20625 0.1046875 0.1140625
0 0.70546875 0.184375 0.1140625 0.11015625
0 0.2015625 0.26640625 0.14453125 0.13515625
0 0.3484375 0.3078125 0.1453125 0.1453125
0 0.48984375 0.31015625 0.11796875 0.103125
0 0.634375 0.33203125 0.14140625 0.10625
0 0.76328125 0.2953125 0.18671875 0.11015625
0 0.15234375 0.3953125 0.15546875 0.14140625
0 0.3203125 0.4390625 0.18984375 0.1390625
0 0.4921875 0.43203125 0.1609375 0.15625
0 0.66015625 0.4390625 0.16640625 0.1328125
0 0.82890625 0.44375 0.16484375 0.1328125
0 0.17109375 0.5234375 0.17578125 0.125
0 0.3828125 0.5625 0.16015625 0.1484375
0 0.615625 0.55703125 0.17890625 0.1484375
0 0.79765625 0.58125 0.19453125 0.18203125
0 0.74765625 0.72734375 0.18984375 0.125
0 0.5609375 0.67109375 0.18984375 0.16171875
0 0.365625 0.70078125 0.19765625 0.1859375
0 0.16484375 0.6734375 0.17734375 0.1859375