0 0.1140625 0.828125 0.1546875 0.2296875
0 0.10859375 0.62578125 0.196875 0.1859375
0 0.1296875 0.428125 0.184375 0.2171875
0 0.125 0.215625 0.184375 0.1984375
0 0.2765625 0.8453125 0.184375 0.209375
0 0.27421875 0.62421875 0.1703125 0.221875
0 0.290625 0.40078125 0.1609375 0.225
0 0.2765625 0.16953125 0.18125 0.2328125
0 0.44765625 0.88046875 0.19375 0.234375
0 0.43046875 0.63828125 0.1625 0.225
0 0.446875 0.39375 0.190625 0.225
0 0.440625 0.1453125 0.1828125 0.24375
0 0.63828125 0.8859375 0.2109375 0.215625
0 0.625 0.66171875 0.24375 0.2421875
0 0.6296875 0.39765625 0.2046875 0.2609375
0 0.62265625 0.1328125 0.2 0.2625
0 0.8703125 0.88125 0.246875 0.23125
0 0.86640625 0.6578125 0.265625 0.2578125
0 0.84140625 0.396875 0.25 0.265625
0 0.84140625 0.13828125 0.26875 0.275