0 0.190625 0.1890625 0.12578125 0.10390625
0 0.321875 0.1859375 0.134375 0.10859375
0 0.50546875 0.2109375 0.146875 0.146875
0 0.6453125 0.2046875 0.13984375 0.14140625
0 0.784375 0.215625 0.13671875 0.115625
0 0.1609375 0.2984375 0.14140625 0.11640625
0 0.3171875 0.2921875 0.1484375 0.1296875
0 0.46953125 0.34140625 0.16171875 0.11953125
0 0.6703125 0.32890625 0.15625 0.12890625
0 0.81484375 0.31640625 0.159375 0.090625
0 0.13515625 0.43125 0.178125 0.1625
0 0.328125 0.421875 0.1515625 0.16875
0 0.465625 0.3453125 0.15625 0.13125
0 0.48671875 0.4546875 0.16796875 0.11640625
0 0.49296875 0.59375 0.18515625 0.21328125
0 0.26328125 0.5953125 0.18359375 0.2109375
0 0.084375 0.59375 0.165625 0.19453125
0 0.6765625 0.44609375 0.1796875 0.14609375
0 0.6703125 0.615625 0.1828125 0.2015625
0 0.87578125 0.6234375 0.2078125 0.20234375
0 0.84453125 0.44296875 0.1703125 0.16171875
0 0.78515625 0.2203125 0.1359375 0.1125