0 0.8953125 0.21171875 0.0953125 0.0953125
0 0.78515625 0.190625 0.109375 0.1421875
0 0.646875 0.171875 0.1375 0.1625
0 0.46640625 0.128125 0.2078125 0.21875
0 0.48515625 0.33828125 0.234375 0.184375
0 0.66015625 0.3421875 0.14375 0.1453125
0 0.78828125 0.371875 0.121875 0.165625
0 0.8953125 0.375 0.128125 0.134375
0 0.91953125 0.5125 0.115625 0.115625
0 0.790625 0.5453125 0.15625 0.1375
0 0.646875 0.51796875 0.1453125 0.175
0 0.4984375 0.525 0.1953125 0.1890625
0 0.465625 0.71953125 0.1953125 0.1890625
0 0.46640625 0.903125 0.2421875 0.1921875
0 0.64765625 0.7078125 0.1875 0.16875
0 0.64765625 0.87421875 0.1390625 0.18125
0 0.7640625 0.6921875 0.11875 0.140625
0 0.771875 0.8484375 0.11875 0.175
0 0.88984375 0.63828125 0.1265625 0.140625
0 0.91953125 0.7921875 0.15 0.1359375