0 0.12421875 0.78984375 0.2046875 0.20078125
0 0.2203125 0.5515625 0.1640625 0.13828125
0 0.1796875 0.66796875 0.1890625 0.15078125
0 0.3421875 0.75625 0.14296875 0.175
0 0.3609375 0.62734375 0.165625 0.07734375
0 0.36640625 0.55546875 0.14296875 0.08515625
0 0.50625 0.5375 0.140625 0.08828125
0 0.51328125 0.61484375 0.1515625 0.07890625
0 0.5171875 0.684375 0.15859375 0.078125
0 0.50859375 0.809375 0.1578125 0.21796875
0 0.6578125 0.54375 0.1359375 0.115625
0 0.678125 0.65078125 0.14765625 0.10703125
0 0.7078125 0.79140625 0.2046875 0.19140625
0 0.89375 0.7921875 0.184375 0.253125
0 0.85390625 0.63046875 0.17421875 0.115625
0 0.8125 0.5421875 0.184375 0.0875