0 0.18984375 0.81171875 0.121875 0.140625
0 0.165625 0.6828125 0.1359375 0.1171875
0 0.1390625 0.559375 0.128125 0.1140625
0 0.153125 0.4484375 0.1671875 0.1109375
0 0.153125 0.33125 0.15625 0.1140625
0 0.1828125 0.22734375 0.175 0.109375
0 0.30546875 0.7921875 0.1328125 0.1375
0 0.2890625 0.65390625 0.15625 0.1125
0 0.2859375 0.55078125 0.14375 0.1078125
0 0.290625 0.44453125 0.153125 0.125
0 0.28515625 0.3390625 0.1640625 0.103125
0 0.3265625 0.23203125 0.128125 0.0984375
0 0.4609375 0.9015625 0.2265625 0.1359375
0 0.45625 0.76171875 0.196875 0.1375
0 0.4171875 0.64140625 0.178125 0.109375
0 0.4453125 0.53046875 0.190625 0.1265625
0 0.42265625 0.4265625 0.190625 0.115625
0 0.4234375 0.31484375 0.1671875 0.11875
0 0.44765625 0.19453125 0.14375 0.125
0 0.628125 0.8078125 0.165625 0.146875
0 0.61484375 0.66796875 0.1953125 0.134375
0 0.60546875 0.5375 0.209375 0.121875
0 0.603125 0.4171875 0.2 0.125
0 0.59296875 0.2953125 0.20625 0.1375
0 0.60078125 0.165625 0.184375 0.134375
0 0.8046875 0.78359375 0.221875 0.1609375
0 0.79921875 0.61640625 0.221875 0.1453125
0 0.83046875 0.46328125 0.21875 0.159375
0 0.80078125 0.3 0.228125 0.159375
0 0.8 0.15078125 0.234375 0.1546875