0 0.11953125 0.61796875 0.12109375 0.13515625
0 0.24453125 0.628125 0.1078125 0.14765625
0 0.4046875 0.54921875 0.13125 0.09921875
0 0.54140625 0.5390625 0.1265625 0.12265625
0 0.83125 0.609375 0.1203125 0.11640625
0 0.9171875 0.78203125 0.15546875 0.2390625
0 0.771875 0.78125 0.18203125 0.22734375
0 0.6171875 0.7890625 0.140625 0.21171875
0 0.47890625 0.78828125 0.1421875 0.17421875
0 0.334375 0.7609375 0.121875 0.20859375
0 0.1796875 0.784375 0.1390625 0.22578125
0 0.06171875 0.76796875 0.1234375 0.17734375
0 0.475 0.64140625 0.11328125 0.1046875
0 0.59375 0.640625 0.1109375 0.1078125
0 0.7078125 0.62109375 0.128125 0.11484375