0 0.7625 0.16015625 0.1796875 0.203125
0 0.759375 0.37578125 0.1765625 0.2
0 0.746875 0.5859375 0.134375 0.16875
0 0.70859375 0.784375 0.19375 0.19375
0 0.61171875 0.15234375 0.13125 0.2078125
0 0.59453125 0.3859375 0.15625 0.209375
0 0.59296875 0.5984375 0.1375 0.19375
0 0.55703125 0.821875 0.1015625 0.23125
0 0.42109375 0.13984375 0.146875 0.20625
0 0.453125 0.38046875 0.128125 0.21875
0 0.415625 0.59921875 0.159375 0.190625
0 0.38828125 0.828125 0.15 0.246875
0 0.23671875 0.13984375 0.1734375 0.2359375
0 0.2453125 0.37109375 0.1875 0.2171875
0 0.20625 0.6 0.15 0.23125
0 0.1734375 0.8296875 0.1703125 0.221875