0 0.81015625 0.18828125 0.121875 0.140625
0 0.834375 0.3171875 0.1359375 0.115625
0 0.8609375 0.440625 0.128125 0.1140625
0 0.846875 0.5515625 0.1671875 0.1109375
0 0.846875 0.66875 0.15625 0.1140625
0 0.8171875 0.77265625 0.175 0.109375
0 0.69453125 0.2078125 0.1328125 0.1375
0 0.7109375 0.34609375 0.15625 0.1125
0 0.7140625 0.44921875 0.14375 0.1078125
0 0.709375 0.55546875 0.153125 0.125
0 0.71484375 0.6609375 0.1640625 0.103125
0 0.6734375 0.76796875 0.128125 0.0984375
0 0.5390625 0.0984375 0.2265625 0.1359375
0 0.54375 0.23828125 0.196875 0.1375
0 0.5828125 0.35859375 0.178125 0.109375
0 0.5546875 0.46953125 0.190625 0.1265625
0 0.57734375 0.5734375 0.190625 0.115625
0 0.5765625 0.68515625 0.1671875 0.11875
0 0.55234375 0.80546875 0.14375 0.125
0 0.371875 0.1921875 0.165625 0.146875
0 0.38515625 0.33203125 0.1953125 0.134375
0 0.39453125 0.4625 0.209375 0.121875
0 0.396875 0.5828125 0.2 0.125
0 0.40703125 0.7046875 0.20625 0.1375
0 0.39921875 0.834375 0.184375 0.134375
0 0.1953125 0.21640625 0.221875 0.159375
0 0.20078125 0.38359375 0.221875 0.1453125
0 0.16953125 0.53671875 0.21875 0.159375
0 0.19921875 0.7 0.228125 0.159375
0 0.2 0.84921875 0.234375 0.1546875