0 0.19765625 0.1125 0.16015625 0.16484375
0 0.3515625 0.1015625 0.1453125 0.16328125
0 0.4984375 0.09765625 0.1375 0.1765625
0 0.6359375 0.103125 0.13359375 0.16015625
0 0.778125 0.12734375 0.1375 0.16484375
0 0.18359375 0.284375 0.16015625 0.1890625
0 0.34375 0.26796875 0.1453125 0.2
0 0.5 0.2703125 0.14609375 0.16875
0 0.65390625 0.275 0.16015625 0.19765625
0 0.834375 0.3078125 0.15546875 0.21953125
0 0.13671875 0.4921875 0.1640625 0.225
0 0.31953125 0.49375 0.171875 0.2375
0 0.4875 0.46328125 0.16953125 0.2203125
0 0.659375 0.4796875 0.16796875 0.2296875
0 0.8515625 0.51015625 0.190625 0.22890625
0 0.0984375 0.759375 0.18984375 0.3
0 0.30625 0.77109375 0.19375 0.28828125
0 0.5125 0.7359375 0.1828125 0.30625
0 0.70078125 0.75859375 0.196875 0.30703125
0 0.890625 0.7453125 0.1890625 0.29609375