0 0.2015625 0.8640625 0.1703125 0.221875
0 0.1828125 0.7046875 0.1703125 0.18125
0 0.1640625 0.52890625 0.1625 0.184375
0 0.08359375 0.37421875 0.128125 0.171875
0 0.21171875 0.35390625 0.1515625 0.16875
0 0.16796875 0.1703125 0.13125 0.178125
0 0.37890625 0.8953125 0.18125 0.20625
0 0.3671875 0.703125 0.1578125 0.2390625
0 0.33984375 0.4921875 0.1546875 0.2
0 0.38359375 0.2828125 0.1796875 0.1875
0 0.3 0.1125 0.15 0.184375
0 0.5421875 0.79453125 0.18125 0.2453125
0 0.50625 0.48671875 0.16875 0.2421875
0 0.38203125 0.28359375 0.18125 0.2015625
0 0.4609375 0.0953125 0.190625 0.1890625