0 0.225 0.1625 0.134375 0.109375
0 0.3640625 0.17109375 0.12734375 0.11328125
0 0.4828125 0.125 0.13203125 0.07734375
0 0.628125 0.13203125 0.13046875 0.1109375
0 0.77109375 0.1328125 0.1546875 0.1
0 0.1734375 0.25234375 0.1453125 0.13203125
0 0.3453125 0.24375 0.1453125 0.134375
0 0.5109375 0.23359375 0.1375 0.1390625
0 0.6796875 0.24375 0.13984375 0.11796875
0 0.83671875 0.22578125 0.1484375 0.109375
0 0.1484375 0.37421875 0.19453125 0.1640625
0 0.3234375 0.3734375 0.15 0.1515625
0 0.48515625 0.36875 0.1609375 0.1328125
0 0.671875 0.3578125 0.16328125 0.1328125
0 0.85 0.346875 0.1609375 0.140625
0 0.0828125 0.525 0.165625 0.19921875
0 0.3078125 0.540625 0.2015625 0.20625
0 0.51015625 0.528125 0.20234375 0.21328125
0 0.690625 0.496875 0.18046875 0.203125
0 0.88125 0.515625 0.1953125 0.20546875