0 0.253125 0.08828125 0.11015625 0.08359375
0 0.23125 0.178125 0.1359375 0.07109375
0 0.20703125 0.265625 0.1359375 0.0921875
0 0.18203125 0.38828125 0.14921875 0.140625
0 0.13984375 0.53671875 0.171875 0.14140625
0 0.11015625 0.72265625 0.1921875 0.21171875
0 0.315625 0.71171875 0.1828125 0.19609375
0 0.3375 0.52578125 0.16484375 0.1578125
0 0.3515625 0.38515625 0.14765625 0.140625
0 0.36328125 0.259375 0.128125 0.09609375
0 0.3734375 0.17890625 0.1203125 0.06484375
0 0.36953125 0.09609375 0.1125 0.11328125
0 0.4859375 0.09453125 0.1234375 0.10234375
0 0.49609375 0.18125 0.1171875 0.06171875
0 0.5046875 0.265625 0.1296875 0.10078125
0 0.50546875 0.38203125 0.1390625 0.1140625
0 0.50390625 0.51171875 0.15234375 0.15234375
0 0.50078125 0.70625 0.178125 0.2359375
0 0.69921875 0.73359375 0.17890625 0.24609375
0 0.6703125 0.53046875 0.16328125 0.1828125
0 0.6578125 0.38359375 0.1421875 0.13515625
0 0.64765625 0.271875 0.1421875 0.10859375
0 0.61328125 0.18046875 0.121875 0.06953125
0 0.60703125 0.09921875 0.115625 0.09453125
0 0.721875 0.11171875 0.1265625 0.09375
0 0.7546875 0.18359375 0.128125 0.075
0 0.790625 0.2765625 0.1328125 0.10234375
0 0.815625 0.396875 0.1484375 0.13671875
0 0.84609375 0.5515625 0.17578125 0.1765625
0 0.8921875 0.75 0.2140625 0.22109375