0 0.7078125 0.1546875 0.109375 0.175
0 0.6078125 0.13203125 0.1234375 0.159375
0 0.49375 0.1203125 0.1046875 0.1890625
0 0.396875 0.103125 0.121875 0.1796875
0 0.26484375 0.1 0.1671875 0.184375
0 0.2984375 0.2953125 0.1796875 0.178125
0 0.43203125 0.2953125 0.115625 0.1890625
0 0.48515625 0.30390625 0.10625 0.1640625
0 0.5875 0.315625 0.0953125 0.165625
0 0.6875 0.3296875 0.1140625 0.1640625
0 0.69296875 0.4875 0.11875 0.1421875
0 0.5875 0.48828125 0.1125 0.1734375
0 0.4890625 0.50390625 0.0890625 0.184375
0 0.390625 0.49453125 0.1140625 0.16875
0 0.26796875 0.4921875 0.15625 0.1734375
0 0.27265625 0.6734375 0.184375 0.1734375
0 0.4140625 0.66796875 0.1109375 0.171875
0 0.5171875 0.67421875 0.09375 0.171875
0 0.60390625 0.6625 0.10625 0.1625
0 0.7015625 0.6609375 0.0984375 0.16875
0 0.70546875 0.82109375 0.0859375 0.175
0 0.60703125 0.8265625 0.103125 0.178125
0 0.5015625 0.840625 0.1109375 0.1609375
0 0.4015625 0.8484375 0.1328125 0.215625
0 0.2515625 0.84375 0.1875 0.1828125