0 0.78984375 0.87578125 0.2 0.2046875
0 0.5515625 0.7796875 0.1375 0.1640625
0 0.66796875 0.8203125 0.15 0.1890625
0 0.75625 0.6578125 0.175 0.14375
0 0.62734375 0.6390625 0.078125 0.165625
0 0.55546875 0.63359375 0.084375 0.14375
0 0.5375 0.49375 0.0875 0.140625
0 0.61484375 0.48671875 0.078125 0.1515625
0 0.684375 0.4828125 0.078125 0.159375
0 0.809375 0.49140625 0.21875 0.1578125
0 0.54375 0.3421875 0.115625 0.1359375
0 0.65078125 0.321875 0.10625 0.146875
0 0.79140625 0.2921875 0.190625 0.2046875
0 0.7921875 0.10625 0.253125 0.184375
0 0.63046875 0.14609375 0.115625 0.175
0 0.5421875 0.1875 0.0875 0.184375