0 0.23515625 0.1421875 0.1421875 0.0984375
0 0.20390625 0.26015625 0.121875 0.13125
0 0.3796875 0.14375 0.11875 0.0875
0 0.36171875 0.2484375 0.146875 0.1171875
0 0.146875 0.3953125 0.15 0.128125
0 0.08203125 0.5609375 0.1640625 0.209375
0 0.271875 0.5765625 0.2140625 0.221875
0 0.490625 0.5796875 0.2 0.21875
0 0.69140625 0.584375 0.1828125 0.171875
0 0.51953125 0.146875 0.1421875 0.128125
0 0.52265625 0.253125 0.159375 0.11875
0 0.66484375 0.15546875 0.128125 0.0984375
0 0.6734375 0.2609375 0.1296875 0.096875
0 0.6578125 0.3921875 0.16875 0.159375
0 0.48984375 0.40234375 0.15625 0.16875
0 0.80078125 0.175 0.1296875 0.1125
0 0.8265625 0.2875 0.1625 0.159375
0 0.8453125 0.44375 0.19375 0.103125
0 0.890625 0.5953125 0.209375 0.20625
0 0.2703125 0.58125 0.2125 0.2078125
0 0.32421875 0.390625 0.1765625 0.1625