0 0.1671875 0.2234375 0.31875 0.3171875
0 0.55546875 0.16875 0.221875 0.20625
0 0.37734375 0.3671875 0.290625 0.2453125
0 0.7625 0.19609375 0.19375 0.1296875
0 0.3765625 0.0890625 0.196875 0.175
0 0.86953125 0.2890625 0.15 0.1453125
0 0.90859375 0.43125 0.14375 0.134375
0 0.76015625 0.45625 0.175 0.15625
0 0.6484375 0.325 0.221875 0.159375
0 0.57734375 0.50859375 0.24375 0.1765625
0 0.32890625 0.6890625 0.340625 0.184375
0 0.89609375 0.5734375 0.11875 0.1375
0 0.74296875 0.61015625 0.2 0.1375
0 0.61484375 0.7359375 0.234375 0.1390625
0 0.5875 0.903125 0.278125 0.1640625
0 0.85234375 0.72890625 0.19375 0.128125