0 0.2734375 0.80859375 0.075 0.1546875
0 0.29140625 0.64609375 0.084375 0.146875
0 0.29296875 0.5015625 0.0859375 0.134375
0 0.3078125 0.3578125 0.1109375 0.1453125
0 0.328125 0.2078125 0.1 0.1546875
0 0.3515625 0.853125 0.0875 0.1859375
0 0.3484375 0.6734375 0.1 0.1578125
0 0.371875 0.51484375 0.0921875 0.1484375
0 0.38984375 0.34609375 0.0765625 0.16875
0 0.421875 0.1578125 0.0796875 0.2
0 0.440625 0.878125 0.0890625 0.1984375
0 0.43984375 0.68671875 0.10625 0.178125
0 0.47109375 0.50546875 0.1265625 0.196875
0 0.47734375 0.30546875 0.1125 0.1984375
0 0.5203125 0.09765625 0.1484375 0.19375
0 0.56875 0.87109375 0.1578125 0.221875
0 0.56484375 0.67734375 0.1671875 0.175
0 0.60703125 0.48671875 0.1609375 0.2125
0 0.61796875 0.2640625 0.175 0.23125