0 0.2234375 0.1046875 0.121875 0.090625
0 0.3640625 0.115625 0.109375 0.0828125
0 0.5140625 0.11953125 0.125 0.071875
0 0.6390625 0.11875 0.1046875 0.0703125
0 0.78125 0.1203125 0.134375 0.059375
0 0.19921875 0.19296875 0.1375 0.09375
0 0.3359375 0.19609375 0.14375 0.0734375
0 0.49921875 0.203125 0.153125 0.096875
0 0.64453125 0.1984375 0.140625 0.0953125
0 0.784375 0.1890625 0.1484375 0.078125
0 0.18203125 0.2828125 0.16875 0.1
0 0.3328125 0.28203125 0.1578125 0.10625
0 0.509375 0.2984375 0.178125 0.10625
0 0.6703125 0.2921875 0.146875 0.0921875
0 0.82578125 0.29296875 0.1578125 0.1125
0 0.1515625 0.3921875 0.203125 0.1421875
0 0.32890625 0.39609375 0.165625 0.13125
0 0.51171875 0.4015625 0.184375 0.103125
0 0.6921875 0.3984375 0.165625 0.1171875
0 0.871875 0.40625 0.165625 0.13125
0 0.09609375 0.5359375 0.1875 0.16875
0 0.30625 0.52890625 0.18125 0.1546875
0 0.509375 0.5171875 0.2 0.1421875
0 0.71796875 0.53515625 0.2 0.153125
0 0.9046875 0.55078125 0.1890625 0.1734375
0 0.31953125 0.6921875 0.20625 0.2171875
0 0.6046875 0.68203125 0.23125 0.2