0 0.8328125 0.7765625 0.31875 0.3171875
0 0.44453125 0.83125 0.221875 0.20625
0 0.62265625 0.6328125 0.290625 0.2453125
0 0.2375 0.80390625 0.19375 0.1296875
0 0.6234375 0.9109375 0.196875 0.175
0 0.13046875 0.7109375 0.15 0.1453125
0 0.09140625 0.56875 0.14375 0.134375
0 0.23984375 0.54375 0.175 0.15625
0 0.3515625 0.675 0.221875 0.159375
0 0.42265625 0.49140625 0.24375 0.1765625
0 0.67109375 0.3109375 0.340625 0.184375
0 0.10390625 0.4265625 0.11875 0.1375
0 0.25703125 0.38984375 0.2 0.1375
0 0.38515625 0.2640625 0.234375 0.1375
0 0.4125 0.096875 0.278125 0.1625
0 0.14765625 0.27109375 0.19375 0.128125