0 0.2921875 0.8453125 0.109375 0.175
0 0.3921875 0.86796875 0.1234375 0.159375
0 0.50625 0.8796875 0.1046875 0.1890625
0 0.603125 0.896875 0.121875 0.1796875
0 0.73515625 0.9 0.1671875 0.184375
0 0.7015625 0.7046875 0.1796875 0.178125
0 0.56796875 0.7046875 0.115625 0.1890625
0 0.51484375 0.69609375 0.10625 0.1640625
0 0.4125 0.684375 0.0953125 0.165625
0 0.3125 0.6703125 0.1140625 0.1640625
0 0.30703125 0.5125 0.11875 0.1421875
0 0.4125 0.51171875 0.1125 0.1734375
0 0.5109375 0.49609375 0.0890625 0.184375
0 0.609375 0.50546875 0.1140625 0.16875
0 0.73203125 0.5078125 0.15625 0.1734375
0 0.72734375 0.3265625 0.184375 0.1734375
0 0.5859375 0.33203125 0.1109375 0.171875
0 0.4828125 0.32578125 0.09375 0.171875
0 0.39609375 0.3375 0.10625 0.1625
0 0.2984375 0.3390625 0.0984375 0.16875
0 0.29453125 0.17890625 0.0859375 0.175
0 0.39296875 0.1734375 0.103125 0.178125
0 0.4984375 0.159375 0.1109375 0.1609375
0 0.5984375 0.1515625 0.1328125 0.215625
0 0.7484375 0.15625 0.1875 0.1828125