0 0.91171875 0.253125 0.084375 0.109375
0 0.821875 0.23125 0.071875 0.1359375
0 0.734375 0.20703125 0.0921875 0.1359375
0 0.61171875 0.18203125 0.140625 0.15
0 0.46328125 0.13984375 0.140625 0.171875
0 0.27734375 0.11015625 0.2125 0.1921875
0 0.28828125 0.315625 0.196875 0.1828125
0 0.47421875 0.3375 0.1578125 0.165625
0 0.61484375 0.3515625 0.140625 0.146875
0 0.740625 0.36328125 0.096875 0.128125
0 0.82109375 0.3734375 0.065625 0.1203125
0 0.90390625 0.36953125 0.1125 0.1125
0 0.90546875 0.4859375 0.103125 0.1234375
0 0.81875 0.49609375 0.0625 0.1171875
0 0.734375 0.5046875 0.1 0.1296875
0 0.61796875 0.50546875 0.1140625 0.1390625
0 0.48828125 0.50390625 0.153125 0.153125
0 0.29375 0.50078125 0.2359375 0.178125
0 0.26640625 0.69921875 0.246875 0.178125
0 0.46953125 0.6703125 0.1828125 0.1625
0 0.61640625 0.6578125 0.134375 0.1421875
0 0.728125 0.64765625 0.109375 0.1421875
0 0.81953125 0.61328125 0.06875 0.121875
0 0.90078125 0.60703125 0.09375 0.115625
0 0.88828125 0.721875 0.09375 0.1265625
0 0.81640625 0.7546875 0.075 0.128125
0 0.7234375 0.790625 0.103125 0.1328125
0 0.603125 0.815625 0.1375 0.1484375
0 0.4484375 0.84609375 0.1765625 0.175
0 0.25 0.8921875 0.221875 0.2140625