0 0.7265625 0.19140625 0.075 0.153125
0 0.70859375 0.35390625 0.084375 0.146875
0 0.70703125 0.4984375 0.0859375 0.134375
0 0.6921875 0.6421875 0.1109375 0.1453125
0 0.671875 0.7921875 0.1 0.1546875
0 0.6484375 0.146875 0.0875 0.1859375
0 0.6515625 0.3265625 0.1 0.1578125
0 0.628125 0.48515625 0.0921875 0.1484375
0 0.61015625 0.65390625 0.0765625 0.16875
0 0.578125 0.8421875 0.0796875 0.2
0 0.559375 0.121875 0.0890625 0.1984375
0 0.56015625 0.31328125 0.10625 0.178125
0 0.52890625 0.49453125 0.1265625 0.196875
0 0.52265625 0.69453125 0.1125 0.1984375
0 0.4796875 0.90234375 0.1484375 0.19375
0 0.43125 0.12890625 0.1578125 0.221875
0 0.43515625 0.32265625 0.1671875 0.175
0 0.39296875 0.51328125 0.1609375 0.2125
0 0.38203125 0.7359375 0.175 0.23125