0 0.1328125 0.790625 0.2625 0.2390625
0 0.134375 0.5765625 0.25 0.178125
0 0.1125 0.41015625 0.221875 0.159375
0 0.109375 0.23828125 0.21875 0.1703125
0 0.38515625 0.8796875 0.259375 0.234375
0 0.36796875 0.646875 0.2359375 0.240625
0 0.3 0.4265625 0.2015625 0.190625
0 0.3390625 0.23046875 0.25625 0.1921875
0 0.46875 0.0765625 0.296875 0.1515625
0 0.659375 0.88984375 0.2671875 0.2203125
0 0.60078125 0.6765625 0.234375 0.20625
0 0.5453125 0.4421875 0.271875 0.20625
0 0.6109375 0.240625 0.284375 0.196875
0 0.86171875 0.7375 0.2640625 0.2375
0 0.82265625 0.4328125 0.353125 0.3625