0 0.16015625 0.2375 0.20234375 0.1796875
0 0.37578125 0.240625 0.20078125 0.1765625
0 0.5859375 0.253125 0.16953125 0.13515625
0 0.784375 0.29140625 0.19375 0.19296875
0 0.15234375 0.38828125 0.2078125 0.13125
0 0.3859375 0.40546875 0.209375 0.15625
0 0.5984375 0.40703125 0.19296875 0.13671875
0 0.821875 0.44296875 0.23125 0.1015625
0 0.13984375 0.57890625 0.20625 0.146875
0 0.38046875 0.546875 0.21875 0.12734375
0 0.59921875 0.584375 0.19140625 0.159375
0 0.828125 0.61171875 0.24765625 0.15078125
0 0.13984375 0.76328125 0.2359375 0.1734375
0 0.37109375 0.7546875 0.2171875 0.18828125
0 0.6 0.79375 0.23046875 0.14921875
0 0.8296875 0.8265625 0.22109375 0.1703125