0 0.85546875 0.21875 0.13125 0.146875
0 0.8625 0.34609375 0.13125 0.13125
0 0.85625 0.47421875 0.1421875 0.1328125
0 0.8515625 0.6171875 0.15 0.15
0 0.8734375 0.76328125 0.121875 0.140625
0 0.7296875 0.1609375 0.1296875 0.14375
0 0.74140625 0.315625 0.13125 0.1625
0 0.74140625 0.48515625 0.134375 0.165625
0 0.7390625 0.64375 0.1296875 0.1546875
0 0.74921875 0.7875 0.1578125 0.1640625
0 0.58125 0.13203125 0.1703125 0.184375
0 0.61015625 0.3125 0.1484375 0.1546875
0 0.59296875 0.4875 0.165625 0.171875
0 0.6078125 0.659375 0.1625 0.1703125
0 0.6078125 0.840625 0.159375 0.1796875
0 0.4265625 0.10625 0.159375 0.2125
0 0.44375 0.3140625 0.209375 0.2046875
0 0.46484375 0.5109375 0.215625 0.171875
0 0.453125 0.69453125 0.196875 0.1796875
0 0.45 0.8875 0.1859375 0.2109375