0 0.1359375 0.2015625 0.22109375 0.1703125
0 0.2953125 0.1828125 0.18046875 0.1703125
0 0.47109375 0.1640625 0.184375 0.16171875
0 0.62578125 0.08359375 0.171875 0.128125
0 0.64609375 0.21171875 0.16796875 0.1515625
0 0.8296875 0.16796875 0.17734375 0.13046875
0 0.1046875 0.37890625 0.20703125 0.18046875
0 0.296875 0.3671875 0.2390625 0.1578125
0 0.5078125 0.33984375 0.20078125 0.1546875
0 0.7171875 0.38359375 0.18828125 0.1796875
0 0.8875 0.3 0.18515625 0.14921875
0 0.20546875 0.5421875 0.2453125 0.18046875
0 0.51328125 0.50625 0.2421875 0.16953125
0 0.71640625 0.38203125 0.2015625 0.18203125
0 0.9046875 0.4609375 0.1890625 0.19140625