0 0.8578125 0.18046875 0.0921875 0.134375
0 0.765625 0.159375 0.125 0.153125
0 0.6390625 0.14921875 0.1640625 0.18125
0 0.4671875 0.11171875 0.221875 0.1765625
0 0.44921875 0.31953125 0.209375 0.221875
0 0.628125 0.32109375 0.1578125 0.18125
0 0.753125 0.33046875 0.1328125 0.1515625
0 0.85234375 0.3234375 0.1125 0.1421875
0 0.8640625 0.47109375 0.09375 0.159375
0 0.76328125 0.48984375 0.1296875 0.159375
0 0.6328125 0.496875 0.15 0.1765625
0 0.4578125 0.5140625 0.21875 0.1890625
0 0.4546875 0.696875 0.203125 0.1984375
0 0.63203125 0.6703125 0.1640625 0.1640625
0 0.7484375 0.659375 0.128125 0.159375
0 0.8484375 0.6296875 0.1046875 0.140625
0 0.853125 0.765625 0.0953125 0.1484375
0 0.753125 0.8265625 0.1078125 0.15625
0 0.628125 0.840625 0.171875 0.1921875
0 0.44375 0.8890625 0.225 0.1984375