0 0.15 0.67578125 0.1375 0.084375
0 0.22734375 0.6046875 0.1234375 0.06875
0 0.265625 0.55625 0.09375 0.0671875
0 0.32421875 0.5078125 0.090625 0.053125
0 0.3578125 0.47421875 0.084375 0.0375
0 0.43671875 0.46796875 0.08125 0.04375
0 0.40390625 0.50703125 0.0875 0.0453125
0 0.36953125 0.559375 0.121875 0.0578125
0 0.34453125 0.61953125 0.121875 0.0609375
0 0.275 0.6828125 0.1265625 0.090625
0 0.40234375 0.6984375 0.13125 0.1109375
0 0.45234375 0.6234375 0.1 0.075
0 0.54765625 0.69609375 0.146875 0.090625
0 0.5640625 0.62421875 0.1109375 0.0734375
0 0.47578125 0.5640625 0.1 0.0578125
0 0.4921875 0.5171875 0.0875 0.05625
0 0.50390625 0.475 0.071875 0.0453125
0 0.57578125 0.47734375 0.09375 0.0484375
0 0.58671875 0.5171875 0.090625 0.046875
0 0.57109375 0.559375 0.09375 0.05625
0 0.6921875 0.68671875 0.14375 0.1140625
0 0.66953125 0.609375 0.11875 0.05625
0 0.65390625 0.55625 0.0921875 0.046875
0 0.671875 0.51484375 0.1015625 0.0453125
0 0.653125 0.4828125 0.09375 0.0328125
0 0.75390625 0.47421875 0.09375 0.03125
0 0.76171875 0.5140625 0.1 0.0484375
0 0.775 0.5625 0.121875 0.046875
0 0.796875 0.61875 0.140625 0.0625
0 0.8296875 0.69765625 0.159375 0.109375