0 0.8953125 0.2234375 0.090625 0.121875
0 0.884375 0.3640625 0.0828125 0.109375
0 0.88046875 0.5140625 0.071875 0.125
0 0.88125 0.6390625 0.0703125 0.1046875
0 0.8796875 0.78125 0.059375 0.134375
0 0.80703125 0.19921875 0.09375 0.1375
0 0.80390625 0.3359375 0.0734375 0.14375
0 0.796875 0.49921875 0.096875 0.153125
0 0.8015625 0.64453125 0.0953125 0.140625
0 0.8109375 0.784375 0.078125 0.1484375
0 0.7171875 0.18203125 0.1 0.16875
0 0.71796875 0.3328125 0.10625 0.1578125
0 0.7015625 0.509375 0.10625 0.178125
0 0.7078125 0.6703125 0.0921875 0.146875
0 0.70703125 0.82578125 0.1125 0.1578125
0 0.6078125 0.1515625 0.1421875 0.203125
0 0.60390625 0.32890625 0.13125 0.165625
0 0.5984375 0.51171875 0.103125 0.184375
0 0.6015625 0.6921875 0.1171875 0.165625
0 0.59375 0.871875 0.13125 0.165625
0 0.4640625 0.09609375 0.16875 0.1875
0 0.47109375 0.30625 0.1546875 0.18125
0 0.4828125 0.509375 0.1421875 0.2
0 0.46484375 0.71796875 0.153125 0.2
0 0.44921875 0.9046875 0.1734375 0.1890625
0 0.3078125 0.31953125 0.2171875 0.20625
0 0.31796875 0.6046875 0.2 0.23125