0 0.1125 0.80234375 0.165625 0.1609375
0 0.1015625 0.6484375 0.1625 0.1453125
0 0.09765625 0.5015625 0.1765625 0.1375
0 0.103125 0.3640625 0.159375 0.134375
0 0.12734375 0.221875 0.165625 0.1375
0 0.284375 0.81640625 0.1890625 0.1609375
0 0.26796875 0.65625 0.2 0.1453125
0 0.2703125 0.5 0.16875 0.146875
0 0.275 0.34609375 0.196875 0.159375
0 0.3078125 0.165625 0.21875 0.15625
0 0.4921875 0.86328125 0.225 0.1640625
0 0.49375 0.68046875 0.2375 0.171875
0 0.46328125 0.5125 0.2203125 0.16875
0 0.4796875 0.340625 0.2296875 0.16875
0 0.51015625 0.1484375 0.228125 0.190625
0 0.759375 0.9015625 0.3 0.190625
0 0.77109375 0.69375 0.2875 0.19375
0 0.7359375 0.4875 0.30625 0.1828125
0 0.75859375 0.29921875 0.30625 0.196875
0 0.7453125 0.109375 0.296875 0.1890625