0 0.1046875 0.7765625 0.090625 0.121875
0 0.115625 0.6359375 0.0828125 0.109375
0 0.11953125 0.4859375 0.071875 0.125
0 0.11875 0.3609375 0.0703125 0.1046875
0 0.1203125 0.21875 0.059375 0.134375
0 0.19296875 0.80078125 0.09375 0.1375
0 0.19609375 0.6640625 0.0734375 0.14375
0 0.203125 0.50078125 0.096875 0.153125
0 0.1984375 0.35546875 0.0953125 0.140625
0 0.1890625 0.215625 0.078125 0.1484375
0 0.2828125 0.81796875 0.1 0.16875
0 0.28203125 0.6671875 0.10625 0.1578125
0 0.2984375 0.490625 0.10625 0.178125
0 0.2921875 0.3296875 0.0921875 0.146875
0 0.29296875 0.17421875 0.1125 0.1578125
0 0.3921875 0.8484375 0.1421875 0.203125
0 0.39609375 0.67109375 0.13125 0.165625
0 0.4015625 0.48828125 0.103125 0.184375
0 0.3984375 0.3078125 0.1171875 0.165625
0 0.40625 0.128125 0.13125 0.165625
0 0.5359375 0.90390625 0.16875 0.1875
0 0.52890625 0.69375 0.1546875 0.18125
0 0.5171875 0.490625 0.1421875 0.2
0 0.53515625 0.28203125 0.153125 0.2
0 0.55078125 0.0953125 0.1734375 0.1890625
0 0.6921875 0.68046875 0.2171875 0.20625
0 0.68203125 0.3953125 0.2 0.23125