0 0.91796875 0.27421875 0.0453125 0.071875
0 0.903125 0.35234375 0.05 0.0875
0 0.90078125 0.42421875 0.0390625 0.071875
0 0.9015625 0.49375 0.0375 0.0671875
0 0.9046875 0.56640625 0.053125 0.071875
0 0.890625 0.6453125 0.03125 0.08125
0 0.88984375 0.73359375 0.0421875 0.0875
0 0.8671875 0.25234375 0.0515625 0.0765625
0 0.8625 0.33359375 0.0453125 0.084375
0 0.86015625 0.40859375 0.034375 0.0671875
0 0.85625 0.48984375 0.046875 0.0765625
0 0.8578125 0.5703125 0.034375 0.075
0 0.8578125 0.6453125 0.034375 0.075
0 0.8546875 0.73203125 0.0296875 0.065625
0 0.81875 0.2390625 0.0484375 0.090625
0 0.81484375 0.325 0.040625 0.090625
0 0.81953125 0.41171875 0.0390625 0.084375
0 0.8078125 0.49609375 0.040625 0.0859375
0 0.81171875 0.584375 0.046875 0.078125
0 0.8140625 0.66640625 0.05 0.0875
0 0.815625 0.7546875 0.0546875 0.0875
0 0.76484375 0.21875 0.0578125 0.09375
0 0.7640625 0.31171875 0.0484375 0.0921875
0 0.7671875 0.40546875 0.06875 0.0921875
0 0.76015625 0.50234375 0.0546875 0.096875
0 0.76640625 0.59296875 0.05625 0.0875
0 0.759375 0.6828125 0.065625 0.084375
0 0.75703125 0.77109375 0.06875 0.090625
0 0.7078125 0.22421875 0.065625 0.1078125
0 0.7125 0.321875 0.065625 0.0875
0 0.69765625 0.4078125 0.075 0.0796875
0 0.7 0.5171875 0.0625 0.0875
0 0.70234375 0.6046875 0.071875 0.075
0 0.696875 0.69609375 0.0671875 0.096875
0 0.63046875 0.1796875 0.0640625 0.115625
0 0.6359375 0.27890625 0.06875 0.08125
0 0.621875 0.384375 0.084375 0.115625
0 0.62421875 0.48984375 0.071875 0.1125
0 0.628125 0.5921875 0.084375 0.0875
0 0.62578125 0.696875 0.09375 0.1
0 0.61640625 0.8234375 0.0921875 0.146875
0 0.553125 0.15390625 0.0875 0.0984375
0 0.553125 0.2515625 0.1 0.103125
0 0.540625 0.3671875 0.0890625 0.1
0 0.54375 0.4984375 0.09375 0.109375
0 0.53828125 0.60703125 0.08125 0.1203125
0 0.528125 0.73046875 0.0859375 0.134375
0 0.51015625 0.8578125 0.1 0.1140625
0 0.43359375 0.13203125 0.11875 0.11875
0 0.4421875 0.2578125 0.10625 0.134375
0 0.4328125 0.38828125 0.1015625 0.125
0 0.44140625 0.509375 0.1 0.1125
0 0.4421875 0.62265625 0.1078125 0.1125
0 0.428125 0.7296875 0.1125 0.10625
0 0.41875 0.86796875 0.0875 0.1484375
0 0.303125 0.0859375 0.1078125 0.15625
0 0.309375 0.22890625 0.1109375 0.146875
0 0.3046875 0.371875 0.1328125 0.134375
0 0.32578125 0.50390625 0.128125 0.140625
0 0.34375 0.63671875 0.10625 0.1234375
0 0.321875 0.7671875 0.13125 0.121875
0 0.31875 0.9015625 0.1125 0.1234375
0 0.1875 0.9171875 0.1421875 0.1640625
0 0.1875 0.77265625 0.1578125 0.1609375
0 0.190625 0.64140625 0.2 0.153125
0 0.1890625 0.5171875 0.1140625 0.165625
0 0.16171875 0.3609375 0.1453125 0.153125
0 0.15625 0.0796875 0.18125 0.15625