0 0.209375 0.1328125 0.2390625 0.2625
0 0.4234375 0.134375 0.178125 0.25
0 0.58984375 0.1125 0.159375 0.221875
0 0.76171875 0.109375 0.1703125 0.21875
0 0.1203125 0.38515625 0.234375 0.259375
0 0.353125 0.36796875 0.240625 0.2359375
0 0.5734375 0.3 0.190625 0.2015625
0 0.76953125 0.3390625 0.1921875 0.25625
0 0.9234375 0.46875 0.1515625 0.296875
0 0.11015625 0.659375 0.2203125 0.2671875
0 0.3234375 0.60078125 0.20625 0.234375
0 0.5578125 0.5453125 0.20625 0.271875
0 0.759375 0.6109375 0.196875 0.284375
0 0.2625 0.86171875 0.2375 0.2640625
0 0.5671875 0.82265625 0.3625 0.353125