0 0.27421875 0.08203125 0.071875 0.0453125
0 0.35234375 0.096875 0.0875 0.05
0 0.42421875 0.09921875 0.071875 0.0390625
0 0.49375 0.0984375 0.0671875 0.0375
0 0.56640625 0.0953125 0.071875 0.053125
0 0.6453125 0.109375 0.08125 0.03125
0 0.73359375 0.11015625 0.0875 0.0421875
0 0.25234375 0.1328125 0.0765625 0.0515625
0 0.33359375 0.1375 0.084375 0.0453125
0 0.40859375 0.13984375 0.0671875 0.034375
0 0.48984375 0.14375 0.0765625 0.046875
0 0.5703125 0.1421875 0.075 0.034375
0 0.6453125 0.1421875 0.075 0.034375
0 0.73203125 0.1453125 0.065625 0.0296875
0 0.2390625 0.18125 0.090625 0.0484375
0 0.325 0.18515625 0.090625 0.040625
0 0.41171875 0.18046875 0.084375 0.0390625
0 0.49609375 0.1921875 0.0859375 0.040625
0 0.584375 0.18828125 0.078125 0.046875
0 0.66640625 0.1859375 0.0875 0.05
0 0.7546875 0.184375 0.0875 0.0546875
0 0.21875 0.23515625 0.09375 0.0578125
0 0.31171875 0.2359375 0.0921875 0.0484375
0 0.40546875 0.2328125 0.0921875 0.06875
0 0.50234375 0.23984375 0.096875 0.0546875
0 0.59296875 0.23359375 0.0875 0.05625
0 0.6828125 0.240625 0.084375 0.065625
0 0.77109375 0.24296875 0.090625 0.06875
0 0.22421875 0.2921875 0.1078125 0.065625
0 0.321875 0.2875 0.0875 0.065625
0 0.4078125 0.30234375 0.0796875 0.075
0 0.5171875 0.3 0.0875 0.0625
0 0.6046875 0.29765625 0.075 0.071875
0 0.69609375 0.303125 0.096875 0.0671875
0 0.1796875 0.36953125 0.115625 0.0640625
0 0.27890625 0.3640625 0.08125 0.06875
0 0.384375 0.378125 0.115625 0.084375
0 0.48984375 0.37578125 0.1125 0.071875
0 0.5921875 0.371875 0.0875 0.084375
0 0.696875 0.37421875 0.1 0.09375
0 0.8234375 0.38359375 0.146875 0.0921875
0 0.15390625 0.446875 0.0984375 0.0875
0 0.2515625 0.446875 0.103125 0.1
0 0.3671875 0.459375 0.1 0.0890625
0 0.4984375 0.45625 0.109375 0.09375
0 0.60703125 0.46171875 0.1203125 0.08125
0 0.73046875 0.471875 0.134375 0.0859375
0 0.8578125 0.48984375 0.1140625 0.1
0 0.13203125 0.56640625 0.11875 0.11875
0 0.2578125 0.5578125 0.134375 0.10625
0 0.38828125 0.5671875 0.125 0.1015625
0 0.509375 0.55859375 0.1125 0.1
0 0.62265625 0.5578125 0.1125 0.1078125
0 0.7296875 0.571875 0.10625 0.1125
0 0.86796875 0.58125 0.1484375 0.0875
0 0.0859375 0.696875 0.15625 0.1078125
0 0.22890625 0.690625 0.146875 0.1109375
0 0.371875 0.6953125 0.134375 0.1328125
0 0.50390625 0.67421875 0.140625 0.128125
0 0.63671875 0.65625 0.1234375 0.10625
0 0.7671875 0.678125 0.121875 0.13125
0 0.9015625 0.68125 0.121875 0.1125
0 0.9171875 0.8125 0.1640625 0.1421875
0 0.77265625 0.8125 0.1609375 0.1578125
0 0.64140625 0.809375 0.153125 0.2
0 0.5171875 0.8109375 0.165625 0.1140625
0 0.3609375 0.83828125 0.153125 0.1453125
0 0.0796875 0.84375 0.15625 0.18125