0 0.7984375 0.1359375 0.1703125 0.221875
0 0.8171875 0.2953125 0.1703125 0.18125
0 0.8359375 0.47109375 0.1625 0.184375
0 0.91640625 0.62578125 0.128125 0.171875
0 0.78828125 0.64609375 0.1515625 0.16875
0 0.83203125 0.8296875 0.13125 0.178125
0 0.62109375 0.1046875 0.18125 0.20625
0 0.6328125 0.296875 0.1578125 0.2390625
0 0.66015625 0.5078125 0.1546875 0.2
0 0.61640625 0.7171875 0.1796875 0.1890625
0 0.7 0.8875 0.15 0.1859375
0 0.4578125 0.20546875 0.18125 0.2453125
0 0.49375 0.51328125 0.16875 0.2421875
0 0.61796875 0.71640625 0.18125 0.2015625
0 0.5390625 0.9046875 0.190625 0.1890625