0 0.8375 0.225 0.109375 0.134375
0 0.82890625 0.3640625 0.1125 0.128125
0 0.875 0.4828125 0.078125 0.13125
0 0.86796875 0.628125 0.1109375 0.13125
0 0.8671875 0.77109375 0.1 0.1546875
0 0.74765625 0.1734375 0.13125 0.1453125
0 0.75625 0.3453125 0.134375 0.1453125
0 0.76640625 0.5109375 0.1390625 0.1375
0 0.75625 0.6796875 0.11875 0.140625
0 0.77421875 0.83671875 0.109375 0.1484375
0 0.62578125 0.1484375 0.1640625 0.19375
0 0.6265625 0.3234375 0.1515625 0.15
0 0.63125 0.48515625 0.1328125 0.1609375
0 0.6421875 0.671875 0.1328125 0.1625
0 0.653125 0.85 0.140625 0.1609375
0 0.475 0.0828125 0.2 0.165625
0 0.459375 0.3078125 0.20625 0.2015625
0 0.471875 0.51015625 0.2125 0.203125
0 0.503125 0.690625 0.203125 0.18125
0 0.484375 0.88125 0.20625 0.1953125