0 0.11171875 0.1671875 0.1875 0.1046875
0 0.29296875 0.18671875 0.17265625 0.12109375
0 0.47421875 0.16484375 0.2015625 0.1515625
0 0.6765625 0.184375 0.19375 0.1515625
0 0.86875 0.190625 0.18203125 0.09921875
0 0.1046875 0.29375 0.18125 0.1359375
0 0.28671875 0.30546875 0.18046875 0.11796875
0 0.4734375 0.2875 0.190625 0.14609375
0 0.6796875 0.303125 0.19140625 0.12265625
0 0.8859375 0.3140625 0.2265625 0.14765625
0 0.0921875 0.43203125 0.178125 0.1359375
0 0.27265625 0.4484375 0.1765625 0.16484375
0 0.484375 0.425 0.18203125 0.14765625
0 0.6890625 0.44453125 0.20390625 0.1796875
0 0.89453125 0.425 0.21015625 0.16640625
0 0.08125 0.58046875 0.153125 0.1609375
0 0.2625 0.6171875 0.21796875 0.1859375
0 0.4484375 0.5828125 0.18125 0.17109375
0 0.64609375 0.57421875 0.2109375 0.1578125
0 0.8484375 0.58125 0.19296875 0.19140625
0 0.1046875 0.72734375 0.19140625 0.16015625
0 0.2859375 0.7875 0.190625 0.18046875
0 0.4734375 0.76171875 0.184375 0.21015625
0 0.6484375 0.75625 0.1890625 0.2296875
0 0.8671875 0.7546875 0.221875 0.23046875