0 0.18046875 0.1421875 0.134375 0.0921875
0 0.159375 0.234375 0.153125 0.125
0 0.14921875 0.3609375 0.18125 0.1640625
0 0.11171875 0.5328125 0.1765625 0.221875
0 0.31953125 0.55078125 0.221875 0.209375
0 0.32109375 0.371875 0.18125 0.1578125
0 0.33046875 0.246875 0.1515625 0.1328125
0 0.3234375 0.14765625 0.1421875 0.1125
0 0.47109375 0.1359375 0.159375 0.09375
0 0.48984375 0.23671875 0.159375 0.1296875
0 0.496875 0.3671875 0.1765625 0.15
0 0.5140625 0.5421875 0.1890625 0.21875
0 0.696875 0.5453125 0.1984375 0.203125
0 0.6703125 0.36796875 0.1640625 0.1640625
0 0.659375 0.2515625 0.159375 0.128125
0 0.6296875 0.1515625 0.140625 0.1046875
0 0.765625 0.146875 0.1484375 0.0953125
0 0.8265625 0.246875 0.15625 0.1078125
0 0.840625 0.371875 0.1921875 0.171875
0 0.8890625 0.55625 0.1984375 0.225