0 0.61796875 0.88046875 0.134375 0.121875
0 0.628125 0.75546875 0.146875 0.1078125
0 0.54921875 0.5953125 0.1 0.13125
0 0.5390625 0.45859375 0.121875 0.1265625
0 0.609375 0.16875 0.115625 0.1203125
0 0.78203125 0.0828125 0.2390625 0.15625
0 0.78125 0.228125 0.228125 0.18125
0 0.7890625 0.3828125 0.2125 0.140625
0 0.78828125 0.52109375 0.175 0.1421875
0 0.7609375 0.665625 0.209375 0.121875
0 0.784375 0.8203125 0.225 0.1390625
0 0.76796875 0.93828125 0.178125 0.1234375
0 0.64140625 0.525 0.1046875 0.1125
0 0.640625 0.40625 0.1078125 0.1109375
0 0.62109375 0.2921875 0.115625 0.128125