0 0.17109375 0.11796875 0.33125 0.234375
0 0.1734375 0.35859375 0.3203125 0.23125
0 0.1703125 0.6125 0.315625 0.2359375
0 0.17578125 0.85234375 0.33125 0.2421875
0 0.44609375 0.7375 0.2171875 0.190625
0 0.4390625 0.55546875 0.2109375 0.2015625
0 0.44453125 0.35546875 0.2125 0.1984375
0 0.4609375 0.14296875 0.24375 0.21875
0 0.628125 0.18046875 0.121875 0.1671875
0 0.62265625 0.35078125 0.1484375 0.1734375
0 0.621875 0.5171875 0.134375 0.159375
0 0.61953125 0.6765625 0.1390625 0.165625
0 0.60390625 0.85 0.196875 0.1671875
0 0.73671875 0.1921875 0.0859375 0.159375
0 0.82734375 0.2078125 0.078125 0.140625
0 0.81796875 0.3609375 0.090625 0.1484375
0 0.73359375 0.3546875 0.084375 0.1453125
0 0.81640625 0.49609375 0.084375 0.1328125
0 0.728125 0.5140625 0.1078125 0.15
0 0.7359375 0.79765625 0.084375 0.1578125
0 0.7265625 0.65234375 0.090625 0.1375
0 0.815625 0.6203125 0.090625 0.125
0 0.81640625 0.75625 0.1015625 0.1515625