0 0.19765625 0.184375 0.1234375 0.11953125
0 0.3390625 0.1921875 0.159375 0.11953125
0 0.475 0.18515625 0.11796875 0.103125
0 0.590625 0.18828125 0.13046875 0.1140625
0 0.7359375 0.18984375 0.15859375 0.1046875
0 0.16875 0.2828125 0.1359375 0.1265625
0 0.30234375 0.29609375 0.1734375 0.1203125
0 0.44765625 0.28359375 0.1296875 0.09609375
0 0.60703125 0.29765625 0.17265625 0.1125
0 0.775 0.28515625 0.1859375 0.13671875
0 0.1453125 0.41015625 0.1578125 0.15078125
0 0.3046875 0.39140625 0.1609375 0.15859375
0 0.4609375 0.39375 0.1890625 0.1359375
0 0.6375 0.396875 0.1640625 0.13828125
0 0.8359375 0.403125 0.165625 0.13671875
0 0.1078125 0.578125 0.19453125 0.18046875
0 0.303125 0.55234375 0.1984375 0.1953125
0 0.49453125 0.5375 0.2046875 0.1578125
0 0.675 0.55234375 0.15625 0.190625
0 0.8734375 0.5625 0.19375 0.240625