0 0.1421875 0.81953125 0.0921875 0.134375
0 0.234375 0.840625 0.125 0.153125
0 0.3609375 0.85078125 0.1640625 0.18125
0 0.5328125 0.88828125 0.221875 0.1765625
0 0.55078125 0.68046875 0.209375 0.221875
0 0.371875 0.67890625 0.1578125 0.18125
0 0.246875 0.66953125 0.1328125 0.1515625
0 0.14765625 0.6765625 0.1125 0.1421875
0 0.1359375 0.52890625 0.09375 0.159375
0 0.23671875 0.51015625 0.1296875 0.159375
0 0.3671875 0.503125 0.15 0.1765625
0 0.5421875 0.4859375 0.21875 0.1890625
0 0.5453125 0.303125 0.203125 0.1984375
0 0.36796875 0.3296875 0.1640625 0.1640625
0 0.2515625 0.340625 0.128125 0.159375
0 0.1515625 0.3703125 0.1046875 0.140625
0 0.146875 0.234375 0.0953125 0.1484375
0 0.246875 0.1734375 0.1078125 0.15625
0 0.371875 0.159375 0.171875 0.1921875
0 0.55625 0.1109375 0.225 0.1984375