0 0.2234375 0.8328125 0.3171875 0.31953125
0 0.16875 0.44453125 0.20546875 0.221875
0 0.3671875 0.62265625 0.2453125 0.290625
0 0.19609375 0.2375 0.1296875 0.19296875
0 0.0890625 0.6234375 0.175 0.19765625
0 0.2890625 0.13046875 0.1453125 0.15078125
0 0.43125 0.09140625 0.134375 0.14453125
0 0.45625 0.23984375 0.15546875 0.175
0 0.325 0.3515625 0.159375 0.221875
0 0.50859375 0.42265625 0.1765625 0.24453125
0 0.6890625 0.67109375 0.18515625 0.340625
0 0.5734375 0.10390625 0.13671875 0.11796875
0 0.61015625 0.25703125 0.13671875 0.2
0 0.7359375 0.38515625 0.13828125 0.234375
0 0.903125 0.4125 0.16328125 0.278125
0 0.72890625 0.14765625 0.128125 0.19296875